1348.961020
2080.099880
2302.246601
2190.861442
2665.940662
2827.032632
4599.512271
3693.628369
6680.371087
3003.185243
2841.564884
3536.419954
4496.319155
2717.433997
5181.103289
3347.692543
5110.869001
7899.850071
4684.477979
2386.953734
4154.029550
4225.262575
3511.987154
4233.424387
4189.675890
4083.110128
5679.968132
3705.530235
3232.735488
4098.766768
3601.473422
3979.588239
4673.015657
3635.694362
3435.137344
3721.773518
3837.263986
4996.910589
5342.680073
2186.825736
4359.297011
4357.094829
1784.521425
4966.185777
3662.212413
4436.117379
3159.785394
3207.945985
2951.502438
2098.288893
4233.238119
3636.464517
4397.229265
4536.127256
1692.778825
6267.426660
2624.868507
2638.100893
4363.325603
4299.659504
2967.506294
5645.667139
3991.295683
3996.810399
4256.363452
5840.157748
3413.882137
5261.311458
2567.039141
3524.742176
2083.091034
4945.722885
5277.700059
3774.645979
4975.674071
3434.931350
5849.355648
3711.275854
4559.761348
5592.651548
4067.245435
4089.435892
5706.038059
3859.559542
5954.935696
3948.793036
1888.458321
6304.583383
3500.220697
4454.040392
5271.763340
3500.690601
4813.281449
2511.253087
2425.436210
4239.000011
5122.911680
2045.380918
4519.315388
3396.350916
3939.505080
4774.148128
4695.171985
2030.641478
5316.545767
2266.179723
5596.519429
4001.123136
2004.685905
450.088325
5677.244679
8344.950440
2773.007906
4456.388843
3232.939386
5643.444096
6561.298328
2564.782912
5207.745359
5266.975690
4562.216052
8653.416913
1703.529347
6365.698643
6007.288400
1749.385978
3511.067623
5419.228571
3072.469118
5036.683310
3634.136374
4449.817071
5391.996368
3541.037503
2028.263528
6064.138540
2746.456499
3405.103619
1085.157332
6039.560470
5030.412350
5492.887253
3216.420804
4226.338476
5197.460926
3694.598904
5210.052170
4862.221036
4913.154994
4747.032452
3833.906035
1340.153864
4187.690963
4985.912119
5717.650705
2566.409870
3201.272163
3735.118759
3151.228678
4428.082807
6105.728266
6068.769680
5235.844208
1309.171225
3139.293793
4018.559643
1987.034494
2533.103173
4496.797553
1124.056452
5041.080935
4716.540299
4534.372875
4182.197366
4043.849932
1868.697951
5415.154087
5304.237343
4180.056894
5097.289510
5840.786759
2023.743055
3231.468212
2805.301221
4721.442254
3496.969260
5136.615431
5149.445516
4878.184031
4470.457408
3467.002168
4672.958502
3042.231789
4149.651783
2564.191437
4833.957977
5274.089698
6035.438214
3718.439308
2856.193179
4017.784697
5779.047224
4669.169989
4540.996511
5078.049242
3787.422284
2893.771318
4365.478233
6407.247389
4234.642820
4473.487700
7740.620669
4518.297320
6175.387781
4780.551938
2997.878463
4496.290512
6320.429454
4212.641197
3900.088818
3763.251105
5946.794462
2420.514425
2803.778841
3702.095931
4297.124626
3405.795147
2795.162950
5684.294002
4260.965491
6504.988239
3881.564281
3694.083841
3622.843869
2466.005020
3523.528508
5383.977897
2573.336797
6165.574615
6394.729442
3587.623482
1105.132793
3687.660901
2239.304146
4158.973634
4880.097145
5799.182675
2243.691722
3074.754525
3746.289872
2355.389875
3099.761076
5496.360583
5269.625549
2686.510884
2863.598682
5356.336072
3393.766194
3910.013155
3810.016343
4284.191075
5525.267641
3659.598625
4769.605393
5151.872980
3612.589620
4934.684265
5263.651697
5482.558386
3223.261913
2991.340441
2223.785117
6167.596760
3847.448027
2814.697901
3816.172173
1856.370648
4433.168900
4638.763468
3018.133102
3811.502997
4562.230252
4648.118414
5914.476188
4719.137061
4634.085617
4257.411705
4338.107675
4415.108869
3558.253893
2849.153913
1290.059824
4187.240125
4596.817739
5564.618923
4349.656432
3862.557673
3260.103846
5328.285332
4851.933983
3076.554346
4677.674325
2065.250334
2947.755728
4115.072576
5135.238420
4394.717666
2286.433238
1713.103162
3671.549210
3088.129161
5964.543181
3404.365347
5037.669979
3300.025942
4009.695050
4251.496566
4615.524662
5001.012608
1935.478527
2637.930487
3717.612933
1795.976827
4679.063231
4617.732427
3809.994523
4594.724620
4045.696360
4208.874982
4233.233400
2311.237819
3462.236217
4832.596912
6828.986849
4208.607667
1954.536302
5362.670760
3644.381852
5529.563984
1981.572703
3341.933916
7211.272397
4935.826069
4194.099597
7571.060815
1585.973932
5788.247515
4708.278194
3146.024700
4597.794861
1772.801830
293.762742
3253.612112
3120.975504
5287.651337
3624.107815
3981.467722
5677.683935
5485.066685
2725.585673
4081.166622
3895.348232
7119.949205
4773.834167
3729.256893
2416.024371
5707.011180
4223.446693
2653.900851
5224.690881
3388.764703
3344.807158
2657.073599
4491.068113
4617.444047
1674.642547
3571.679301
4636.240614
3872.558819
5639.901873
4105.312037
2760.213011
5209.380733
3664.775088
5140.700249
4603.932490
5468.159603
3304.911758
2192.893809
2284.344172
5921.799877
3204.935749
3141.308830
4399.581243
3672.736677
2072.338607
4615.484167
6099.305931
3599.513227
3672.549241
3957.291622
2837.348710
6514.597667
4340.176189
5096.084570
4795.970557
4084.811794
5589.957003
3770.932657
2367.297155
3436.348474
5560.821612
4332.466036
5851.668603
5235.138464
4057.955394
4855.522974
1579.646733
2573.721310
2189.833624
4333.922378
5246.636268
6104.368965
2187.189409
4333.233139
1193.148730
5020.585963
6024.628616
4346.406767
3790.248977
786.778062
3849.136772
3428.690223
2754.241843
6853.891768
4277.985682
4530.264905
4240.513494
3710.199691
3886.683259
1937.844922
4721.728781
4067.510712
7099.016708
3132.496912
5542.162007
4820.414894
5800.566006
4096.222920
4164.976240
4280.164673
5579.081597
950.475650
2709.229561
3210.931573
2904.909517
5261.802109
5451.074221
4301.124852
3389.379541
6344.231746
2102.010611
3953.853480
4871.350707
6518.622979
4800.530844
4824.623506
1998.460303
1526.510612
6140.791749
5163.252387
4809.017531
2722.759377
2525.676316
3975.265943
2147.555493
2627.089912
2266.414354
6032.776465
4083.963201
3875.427178
5894.700110
4040.685849
2582.888471
4042.603528
2012.823275
2291.030701
4983.531175
2211.912058
5264.626408
5036.811450
3124.612899
3593.688885
2020.673961
4113.214023
3710.642386
5539.188685
4410.807423
3225.060067
5624.413357
4961.536693
1870.612734
3677.612775
5704.281368
3697.554376
5255.982694
2861.712303
3521.414496
4907.368129
4705.425335
6152.116971
6465.422603
6452.268976
2847.587290
3359.331604
4538.851740
4497.254619
4801.923242
4928.812837
4461.388996
2750.774416
4029.167841
5637.919011
2919.926302
2604.955439
4892.975387
6424.048406
2938.832710
8034.406511
5141.118327
3810.505002
4110.758730
3538.849107
2377.790654
3930.976687
5092.751601
5343.211558
3168.000368
2872.959148
2687.300436
4669.389495
4246.747973
3385.579674
6073.569505
3835.899342
4757.471769
4358.677633
3494.921334
5652.728521
2717.886666
4563.773695
1603.544555
2057.950974
6207.163048
4886.421374
5386.031443
4347.675978
4374.037978
6943.059263
5597.672218
4504.474468
2933.762130
2731.985202
2193.894431
4466.239735
5934.846699
2610.837849
7454.640507
1791.132210
4533.967110
5341.784152
2727.790218
4608.488531
4791.487022
4990.992976
2232.963058
3862.847084
5200.119433
5414.468626
4098.181479
4112.597723
3606.498099
4409.749869
5227.475275
957.299025
3391.622187
3154.694796
6637.290109
4827.505189
2878.608894
2942.362821
2138.902217
4661.382556
985.707402
4237.020219
6175.665371
5041.742902
4182.528048
6226.597509
3346.506295
2850.568050
2872.312353
5917.914854
4941.812664
2489.531920
5270.734654
4238.815075
4159.964539
4473.788268
2945.304822
3330.291271
3973.707460
3033.898385
4069.841818
5230.342519
1670.997903
6817.357910
4259.816098
2977.322668
4619.670729
5072.972549
3962.474197
5145.898615
3954.512513
6352.878975
3226.972017
3634.728700
2721.971102
2133.375253
2624.197802
1169.939408
4555.237340
5594.256346
4263.751453
3309.873672
4616.920084
4194.194227
3480.152866
3111.659994
2224.998501
3629.714602
2358.842737
4620.828009
6381.979720
3751.140093
4106.896929
4347.507676
4523.182002
3839.482531
2978.787186
4861.067517
3240.142772
4533.810163
2541.711367
1939.274848
3681.436835
2511.794728
7602.176529
6231.332111
4063.008032
3374.973036
2249.329268
3345.625959
5149.619785
4132.595311
4868.794114
3610.176759
4137.455861
3878.018134
4807.011819
2708.861175
5126.668219
2582.549006
3604.380488
4408.936088
2372.307976
1368.855713
4307.546708
2902.302239
4249.571294
4712.961703
4346.067019
2846.228889
3380.902597
3803.930751
4098.483681
3260.957895
4078.827363
3845.936455
3550.840258
6193.832464
4041.157682
5315.783710
5467.111986
3494.446662
3779.706543
1954.285118
2185.128736
2694.795514
4366.042221
2045.059680
3252.664115
5993.431828
5565.926707
4000.083914
3144.697023
4530.548083
7452.228671
4032.984001
5566.078003
3917.772370
5832.634926
5603.910196
3206.504101
6388.024437
5722.455205
6533.490238
2445.453380
3565.776149
2166.321151
2808.256834
3521.381001
5755.320738
4134.107535
6357.143426
4049.955345
1058.851623
2811.634421
3202.370610
3603.564956
4178.994975
3267.650140
2606.466898
2557.981940
1873.988583
3922.203310
3994.849577
3178.350332
5703.260007
3709.718518
1279.858681
4915.732184
1961.801988
4185.301252
3267.290597
1453.529953
3131.152839
3316.198765
4042.282000
876.361062
2665.452935
1799.306732
1451.035102
2628.842129
2986.638796
3536.302423
3719.979215
4143.750438
2301.125521
6186.683542
5160.048811
2638.994166
4452.839556
4949.248935
4004.391829
3982.202537
3541.815734
4800.196073
3406.540044
3714.131278
2567.405351
4196.465733
4270.746320
3305.526084
1825.211459
4277.226733
4293.109718
5919.266042
3316.400141
4291.313762
600.483434
4937.399119
2993.280254
2826.138367
4182.615914
4070.616203
3224.056034
4501.382506
4459.345533
4332.834417
4435.569553
4003.549244
1652.886243
2858.400580
4193.192960
6512.756968
3995.369601
3947.791950
6288.068481
3730.228218
5139.242005
2952.286247
4678.210697
4470.788398
6131.216253
5018.592825
4405.848915
3080.522910
3304.557699
4651.038075
4893.886822
2800.645603
4338.210937
3060.880673
6451.591472
3830.324767
2564.272811
3989.415730
4860.123463
2070.922160
5243.065167
1993.559272
792.236712
5748.546127
3182.416259
2631.536643
4326.655772
6383.024374
3697.093561
3439.129219
3829.869238
3588.063373
3705.688800
5068.547265
5940.998455
4617.922042
5146.506384
4302.386374
4297.518252
3520.030079
2100.194621
3551.385370
5514.593445
5827.390061
4090.634444
6413.393476
2927.432913
4727.117831
6419.854710
2848.762166
3020.433195
4880.846798
4035.690255
2616.118266
3674.306366
5299.651878
3470.983053
3198.175455
-76.349527
4780.193136
1594.598641
5738.782563
2948.869410
5331.992355
2948.976949
5339.095709
4322.380922
2627.185399
2468.177293
2939.316834
1591.716458
3584.857573
1872.982166
4633.134741
2749.858811
5454.493500
3467.006003
3700.522023
4551.182481
5365.390323
6178.158145
3069.660165
3348.214544
5134.786175
5431.205708
8052.471631
3213.444829
4843.090958
3966.252189
1929.801195
2687.417420
1546.060391
4789.148158
4237.471366
3427.736457
3482.037843
5324.392418
4828.488845
3440.990379
4690.733606
3067.344140
6671.211493
5559.091168
6956.782122
2866.653241
6518.215651
4757.889659
3871.360727
4079.183224
3592.016712
2373.062632
2224.678061
4560.654142
3950.261432
2809.536702
3483.540333
2704.995098
2731.484471
4779.128140
2762.952864
4871.477668
4378.736727
4773.516453
5673.684237
4260.185455
3090.124352
4855.755637
4073.160064
3939.133120
4307.503155
5878.826019
3189.065950
4432.794764
3391.019084
6499.157094
1655.755792
6372.401779
2839.645044
3105.223913
4756.781386
3125.064500
3341.213607
2624.102856
3224.217273
5454.821274
3324.626270
5246.699827
3239.116756
2433.862912
2303.829640
5010.885769
5494.276269
2468.112095
3794.992057
3409.831108
4146.481380
3198.975470
3695.740825
3101.640338
4538.531684
4479.480866
2984.337889
4979.624940
3326.693612
5894.522261
4289.325502
6165.123389
4711.507000
2443.487032
4192.090396
4529.417326
2687.992551
5880.228603
4276.465996
4131.425985
4246.426647
2696.278688
3053.346169
6013.827220
5957.209310
3298.564353
1388.149685
4359.226010
2293.266136
4194.094166
5517.351604
4803.898552
3762.496816
3299.707627
4000.804315
4392.709969
2677.132322
4132.564421
3591.848737
888.360847
2493.528919
4361.167721
4642.159253
4140.205564
3905.507145
