728.545896
3248.800878
2591.237935
1139.319412
3500.956805
6813.977450
4553.903178
3621.763488
4303.173958
3616.245894
5729.034864
3835.999330
3226.229976
4515.079213
2412.010172
6193.493327
6130.519128
2053.646451
4336.116531
5132.286466
3319.941257
4344.484781
4237.547543
2273.019812
3879.487113
3875.620292
4750.976990
4049.319530
4990.887992
3919.430940
2958.439409
2967.338479
2551.707332
5255.277422
2811.051068
4545.500439
3276.346995
4632.121595
6608.290329
4400.946230
1255.162870
3411.933751
4617.097527
2251.033595
4636.729196
2290.640291
4632.135120
5599.007596
3336.087725
5571.640004
3155.190490
1650.661473
3379.298507
3008.532023
4355.912832
2625.011343
5405.997186
4051.204851
4127.740458
4189.838640
3548.999030
4867.003167
3898.774577
4486.714140
4408.403235
3749.748228
7358.038956
831.435786
2067.093871
5181.344182
3647.944175
3295.235993
3622.017422
2287.378202
6684.729910
6299.122155
4536.267827
3461.165544
7196.226373
3501.864847
3136.665802
4760.946505
3795.906069
3260.129293
4260.272848
1600.079026
3372.576830
3491.548504
4974.592332
2956.036411
6581.908456
2510.908177
4394.582813
5617.366234
3989.493460
3247.215188
6236.798425
1469.822646
6637.451128
4338.141824
5142.114884
7657.447216
3979.079457
4551.971241
747.471724
2310.530840
2097.094695
2271.980301
4907.491937
4170.821404
3641.904831
3258.120497
4907.039930
3538.042688
5447.042568
4025.373701
5429.801651
6049.846811
6170.938652
362.614068
4508.052043
3540.103439
4480.689671
2524.785625
4126.897381
4678.140512
3737.049597
4910.107279
3739.960138
3135.924127
3380.874470
6857.527035
6640.965141
4314.177384
3367.301624
3904.330378
4955.274123
4422.215132
5080.821133
3839.050599
3992.262673
3624.836238
3913.377468
2952.510475
2437.462728
3995.974442
2652.608046
3497.841983
4140.058150
1601.780828
3357.776567
5240.835844
3639.558781
3743.080528
2463.446388
4397.773254
4891.211335
3209.214197
2303.521738
4651.893367
3580.588093
3196.104672
2226.477536
3973.938326
5400.890108
4097.657491
3911.227331
4635.586011
872.836941
2619.657014
3898.628885
2128.745932
2029.471688
4793.839146
6408.591026
2914.862802
5352.491915
3000.789584
2922.454145
4808.066756
1219.111065
3376.253758
4403.839150
331.525777
4936.040528
1679.907849
6778.926613
5217.922105
6312.955794
2601.792442
2753.692432
1341.356950
2833.185519
3731.189368
576.546309
5554.419626
4353.663245
3767.963759
3001.960994
5929.790259
2030.604314
4222.410670
3598.360686
4414.382053
2177.106136
3076.872577
3717.117249
3156.193364
2295.619663
5212.499965
2571.898306
5603.344177
3580.420846
2327.984025
4549.594597
562.089120
6724.997005
5711.638417
5668.453837
4175.784789
3757.673704
6033.510651
4006.177034
6240.089566
4790.711970
2746.461821
4100.895632
4613.424970
2507.136984
3518.868730
2638.215550
2833.601298
4099.503331
3497.600427
6243.683259
3464.668649
3795.562770
3813.026394
4732.673228
2613.349303
3380.316287
3241.347525
4088.893415
3850.832759
2850.914926
2151.550770
2722.580986
3664.339885
3911.175686
4280.336105
3583.550557
7234.420235
3702.646853
2868.290090
3754.069605
4095.451489
2440.777734
3343.797141
4322.717778
4100.586058
4488.193709
4671.596625
4240.538094
4929.256936
3923.154070
3541.246962
3910.231395
4457.709584
4023.263373
5354.977956
1799.724761
3720.255933
3922.847039
3651.027835
2463.399847
5185.028202
4403.630748
4372.638461
3331.777793
3850.602884
3971.881694
4859.112877
5330.241377
4070.885623
4891.793692
5349.058564
5478.283398
1146.817756
5035.792765
3189.230842
2052.685043
5620.446116
4790.437432
4192.706739
6273.506845
5143.170672
4017.475855
7581.992813
2786.919377
4910.077583
3622.473381
2001.487653
3449.744967
4594.758535
3109.415387
4702.005447
4614.929006
3502.416016
4875.237784
4860.069580
5760.250989
2405.057698
1859.917218
4414.751679
2833.240161
4950.091646
3222.743690
2315.338380
2879.191888
5728.393962
1262.783991
1830.684199
5107.974423
592.126313
4213.722888
7773.367697
8306.665696
2515.387234
6078.817371
2565.868703
3712.357625
4634.896175
3881.865222
3560.494412
4151.278378
4088.010627
4533.223651
1801.337373
4188.495234
4191.963186
3427.239651
3510.662031
3427.680349
2043.543941
4176.931330
3437.994278
2753.501751
5453.573719
5295.019746
3180.668983
4243.883623
3735.935004
3643.050597
2989.432950
3262.250560
5932.412312
4455.542313
2771.876390
2362.460476
2283.745158
4127.623047
5311.868185
4154.979322
5340.921849
3464.434423
2266.354888
528.568063
4085.958496
3333.754549
5596.622650
4726.335653
3160.130215
5652.096919
5698.157008
4652.476206
5934.888897
4559.612115
5187.215439
5833.559390
5528.666007
2141.913957
4680.478827
3145.004758
4599.982173
3337.522893
5368.833480
3848.074479
3367.879581
3625.040976
4951.420102
6148.054452
4694.686402
2969.670122
3978.680578
2438.791848
4037.556454
4341.958440
3448.536195
3871.114407
3018.628049
2982.669061
2769.046571
733.424492
3046.778815
4717.506695
2689.533376
5072.795435
5493.517572
4882.634454
3036.766348
2036.081371
2744.076673
3800.924783
2698.964772
2579.460738
5131.612252
2161.853960
7619.538719
4121.016951
4310.774991
6196.048902
4810.210461
4021.631468
2754.167162
7593.247170
3214.676870
4789.648417
3955.000093
2437.219677
4070.383902
3597.404536
4560.633543
6406.600863
5832.350175
4339.188231
3424.662976
6175.581647
5063.171285
4367.605769
6531.523906
4038.008801
1156.230544
2558.295159
5863.942188
3132.843077
5706.511049
1696.242230
3179.513098
3997.804099
4133.932034
4378.095581
3361.804076
4953.003863
3262.064189
1925.334563
3145.219973
4492.904417
4108.925281
3929.230246
6245.008294
3933.427355
5268.126622
5684.794269
4368.043513
3432.810863
4393.511934
4737.701389
5385.777603
4799.328087
5827.948545
3612.081053
5696.279132
3277.464465
4095.911138
3657.943740
3857.888310
1610.826473
4028.736003
4398.863287
3433.493831
4609.425948
6070.055458
5518.977852
7761.067332
3057.077071
6849.521521
4296.796796
4230.139412
6450.055880
3372.329852
4453.626716
1603.065104
5801.458185
4411.542808
2803.113492
6302.098267
4861.805980
4545.248967
4260.398746
1127.985297
3623.996215
6293.569512
4265.939999
5741.307934
5681.062239
5320.458681
3460.215031
6849.662799
5305.683792
5422.287486
4322.692739
2874.947174
2653.802939
3451.954874
4635.300391
5637.787298
2048.506289
3824.676357
5470.129890
4939.723856
2520.404220
4164.519996
3018.752943
5407.222387
4738.558172
6961.825209
4041.183094
4138.592087
4706.407545
6202.346392
4838.726076
3542.161388
4010.865410
1124.389655
4187.776967
1880.455198
5372.774740
5302.701632
2168.716152
2193.353360
4929.647129
3552.616789
2363.342597
6383.615285
5638.488889
4228.392546
5360.906429
4339.969908
3589.263027
3374.421128
2267.740612
3743.705565
3495.542419
4547.744529
3387.350128
4361.620468
4691.956517
5085.777169
5100.419126
4046.694714
5155.072329
5793.945589
6231.252753
6755.160692
5155.879431
3924.782797
3432.063525
7495.107204
4984.432705
5497.104929
4289.866735
2581.028093
2881.162215
3752.510631
4452.011760
4720.771075
5472.537051
6960.008787
3000.746976
3509.147650
6600.213509
3562.487156
2772.857310
4248.102451
3983.498385
5311.306268
1486.594783
3572.910857
2893.676683
3867.173778
3485.600256
3628.339883
1214.736783
4362.403842
5875.215995
5527.554734
3578.979568
4559.764361
4336.636887
4652.356259
3057.144552
4206.907954
5069.271954
5316.015418
4070.140135
5652.396376
2449.391567
5214.423209
3250.959663
3663.151073
4465.409943
5200.007342
4795.871392
4994.571461
3469.216976
4458.448772
4367.311385
2831.340124
3476.202267
3690.649639
4248.451770
4446.835549
2605.103456
3734.330348
3977.939924
1296.914950
3040.433221
4483.493326
3376.932613
2990.972020
4006.216554
4638.906690
6116.496315
2996.125516
2995.878159
2688.346099
3910.158235
6635.557072
5721.181778
3251.491992
4698.257935
4142.932186
4121.414977
4515.727065
6430.140591
6702.727383
2775.038793
5130.016966
5126.801187
4031.145585
3827.330137
4565.737968
2595.286760
5703.335747
2126.386575
3863.720734
4195.698071
7454.376764
3748.213891
1982.558483
5227.374070
2429.833482
6297.951314
5688.523365
3101.462906
5173.530232
3374.144571
4157.807352
4843.036014
4217.122072
3580.090744
6214.033987
3836.329316
3578.185414
3637.012015
5820.620848
3675.622840
2894.064083
6624.012105
4185.716451
2576.871415
3571.588664
3630.900350
3521.631325
3731.109041
4054.784127
4211.332087
5721.918218
3371.311723
1868.413512
2505.557328
5912.773639
5162.280242
5625.863081
3535.143169
3322.012214
2880.322667
3588.466405
5615.373569
2516.298243
5346.960701
6262.950952
4333.088358
5796.735474
2148.620644
3779.515454
3600.718937
2924.147547
4614.788874
3584.548435
1143.406689
3808.836554
5427.080923
3885.753448
4555.793599
1542.287947
4999.774111
3789.617332
5267.698448
5632.247708
4512.002189
6740.556325
5775.226067
4370.731794
3820.553899
3022.806835
3396.871418
3859.820399
3555.297099
5708.434884
5002.215140
6763.821335
4751.176003
6571.256617
3304.018373
3434.093695
2341.999525
7042.443718
2691.089609
3352.961795
994.666687
5217.464513
4822.421166
5789.460771
4089.516887
5890.755221
4725.926110
4159.559612
4846.738136
3583.638847
6287.390395
1799.311831
7739.465014
5159.314910
2880.498324
6540.918464
3161.774069
3879.815306
5849.372278
3836.325005
4455.478584
1610.095223
2682.269967
5442.662919
4438.639929
5533.866553
3778.491207
4518.210317
1966.229117
5232.125224
4904.140817
4440.767740
3751.928011
5505.575938
3289.366049
4352.666703
5711.286340
5245.492790
2403.967603
2696.198780
3617.008740
5677.662989
3592.602621
5511.323229
5149.294012
3129.095573
3863.699116
2059.123942
4916.014528
4152.068906
4461.673732
5603.279372
4075.889771
3475.741490
5201.316866
6700.530243
927.666435
3689.769759
4298.256852
5360.825984
5899.451160
4085.769886
4046.990407
4395.494522
4896.694088
5137.416261
4890.722929
3950.722453
2702.136344
1816.949677
5293.056830
3199.074501
5665.766374
3527.007289
3233.196063
6726.166585
4423.582174
3773.077670
4418.194797
3480.066305
5630.856564
4607.860754
5471.460227
4476.999888
5462.885468
5068.119396
840.103206
2392.869316
1750.129489
6129.826033
3729.766153
2867.703678
4513.790875
5108.356453
5526.556003
3687.904662
1658.308176
2555.217951
3179.965723
3608.839246
5016.032319
5148.153212
3798.717659
2608.966782
6596.016985
2795.145347
2907.653091
4404.287871
5841.333502
3329.623807
3722.601984
2945.884533
2868.148547
1057.782015
5996.157684
5605.494372
2134.675894
5646.426455
3715.856157
2418.093954
4491.645844
5264.813350
5573.054651
4709.597520
2360.247576
4591.866996
2193.809910
4352.546869
2538.907480
5428.618934
3560.218790
6765.761302
4648.014122
3086.609460
5779.555052
1973.923814
2115.602553
5994.078222
7743.542146
2348.557283
6148.257300
3667.201345
3389.025417
4731.168563
3567.865899
4734.829299
2473.092422
2377.853328
3659.724633
4052.703142
4402.266761
5846.555372
2833.890093
2419.695215
3171.598215
3441.859323
4152.971353
3146.886645
4847.722536
4666.973271
5520.596297
5105.665682
3769.571381
2651.466113
2794.857332
5454.985914
4081.506403
4521.036048
4440.142728
4308.140002
6014.545238
3933.234292
6812.750098
5070.441314
4035.310253
4787.781760
4269.813746
5910.050978
4988.324726
5793.836513
1201.161395
2598.805434
4838.263382
4397.825374
5030.749471
3163.436847
5344.145956
3927.330503
3070.887889
3720.989945
5722.762627
4511.816783
4729.042509
6163.061052
3280.310971
3740.181997
4611.856037
3695.037493
4641.461373
3255.489881
2018.259102
1724.669383
6208.263578
5958.417626
5308.815176
3828.712444
3544.784448
4506.225609
6249.401086
5336.237566
6712.432527
4686.814209
4273.278163
3835.093997
6546.585663
5125.098617
3371.434857
6769.758365
4176.981723
4839.657647
3147.285726
3863.169416
1360.897054
3191.874227
5784.526885
3975.883224
3521.594029
3157.787198
5157.791258
5347.654128
4425.539900
5374.499211
2246.172089
4885.054030
2736.170846
3726.908321
5271.927755
2840.826887
3316.559197
4706.235252
5511.104438
2121.323463
5301.507734
4420.715905
2542.929502
2946.556059
5776.213505
2839.235331
4305.382401
2528.069259
5336.392736
4346.277154
3787.400373
3755.734359
3204.050265
4680.635337
7132.225895
3917.781692
4124.043072
4638.925981
