4369.695501
3635.673961
970.314951
2085.284650
4377.506404
1914.716264
4425.829031
3692.469849
2312.028020
4196.641882
6726.507834
2272.669910
2143.679124
3324.511769
3829.935082
4785.991141
3814.436399
3418.025553
4500.668479
5215.369127
3935.046883
4058.499441
4089.246486
3444.603311
2523.486288
5941.320843
3801.602720
4658.063218
3152.548305
2921.247820
6010.842561
5170.301179
4026.401602
3009.786326
6346.208143
2252.234547
1445.448447
2924.147888
3408.172938
5858.623214
3676.325186
6517.814952
1393.688097
2721.563360
3506.091682
3273.237838
4964.637485
3408.508258
4667.168166
3159.561687
4086.388172
3561.058452
3376.426326
5241.159281
2220.629839
7705.935500
4263.193963
4550.049537
3469.977395
3000.659174
3898.986018
3586.450417
4825.508791
7350.616246
2188.401810
3012.878671
2331.296277
4247.445788
3021.742661
4052.967113
1979.098800
5383.406493
3246.451578
2571.205247
5619.295985
4462.873475
5798.617452
5965.780955
3618.987469
5174.217400
3243.918946
4314.772653
4889.614255
2065.523692
5415.713803
2462.170967
7118.682601
3728.269515
3508.252572
5446.109962
6769.500534
2756.360231
1981.543875
3303.612558
5652.225530
5569.372353
5776.505935
3755.368329
3828.583663
4058.934153
5761.648781
3290.757956
4667.661886
4134.661472
4187.147198
4318.130206
4577.094672
5623.133950
3407.791825
4019.905039
3963.068418
4849.939909
3710.978656
4480.688853
4386.305679
3988.225279
3245.061051
5335.322786
4733.425672
5742.355221
4552.612987
3902.855066
5119.212782
7295.575515
4581.859958
4077.118271
4478.391610
2795.612821
7123.077841
3122.150842
5053.132654
5160.994470
3457.694755
3037.841802
4631.834791
3362.343315
4409.506564
4757.930633
5083.326878
2951.432225
4355.407265
2000.167708
3704.609907
3927.471248
2792.628178
6061.544982
4287.134561
5992.108883
4282.173975
2893.373373
6283.272787
4061.851720
2668.503142
2937.944785
2674.657364
3474.450676
3166.592245
3155.411410
4222.166902
4347.740673
5973.807083
4524.062702
4054.905885
4840.671231
3922.497442
3701.579586
6942.760923
3628.995027
4432.271711
3666.231250
2850.398558
4008.936895
5589.961937
2306.306262
2011.652454
6341.664946
4632.673947
5863.082709
3342.667549
3234.986125
4854.278746
4452.791936
2877.480363
4177.347770
4448.309916
3529.957041
4712.613865
4053.040209
3405.821449
4078.352040
1893.989448
1890.243788
7315.564418
3484.707151
4952.280995
3808.320828
2363.507796
1241.331769
2844.627398
3743.965452
3821.464553
2898.872871
5089.930733
2134.799244
4305.726244
3369.325764
3393.606703
3884.121097
1937.560997
4216.418766
5128.852673
4657.463722
3013.434352
2554.836701
7142.028667
3413.191131
3423.589450
4941.497728
4631.079265
3732.697630
4227.246638
3677.650410
2622.705982
4230.075383
4192.837044
2867.214898
2994.155405
3713.134624
2828.852763
3377.553077
2285.698100
3815.015961
3388.551783
3037.195076
1651.738206
4768.176108
6726.182175
4365.653055
3452.492136
6905.114520
2959.718026
1587.590612
3400.736672
2852.552480
7073.427574
4228.696016
2826.889976
4263.429648
1349.851373
5608.639168
6265.899837
3738.064872
4386.602714
3585.574908
3943.525985
3628.876482
4102.607907
2677.929137
3646.847050
2991.735595
5047.188635
4268.138656
4011.086262
5185.117462
4456.234115
3844.929657
3644.641434
7574.260443
2736.993710
4917.624273
2139.617129
3957.924880
2544.972569
4927.344498
3067.509867
1300.699379
4052.987211
2467.313120
4229.868353
4975.889659
6317.434121
3436.540761
2835.540656
3899.996587
5290.465774
6325.006021
4902.559150
6019.166242
4110.683073
4941.333725
6810.593498
4021.108444
2473.207328
4509.700913
7414.998680
3117.951863
3089.637923
5208.136653
4832.441593
7404.369405
4517.611910
3612.311016
4368.214521
3402.824739
3523.136819
5675.796853
4912.173676
2749.320670
4312.626328
5589.632072
2837.832341
5206.795628
3402.161719
3847.904265
3479.470415
4186.454873
1745.601165
3732.672889
5016.290392
3425.490166
4943.331192
3915.808241
4879.136253
5333.824132
4473.052431
4851.436109
5121.735286
2620.325102
4702.714748
3186.791270
6030.453941
5873.680594
6562.561030
5521.900665
2914.995189
3988.895556
4206.468061
3356.302729
4376.580466
4245.973344
6078.732692
5624.399418
2930.832168
4307.205553
3385.964405
5449.420183
6295.484789
2062.181210
4226.938027
5726.152170
4587.037724
4546.477809
2458.666600
4288.931640
4963.510195
4727.928418
3204.771363
5669.224012
7185.140201
5314.176583
2325.141177
4020.721611
1529.732354
5940.120743
6292.852353
3854.425854
4161.760628
4642.137716
4205.596995
4868.447158
4115.663148
4117.610978
5639.199892
4907.250530
3830.554759
5024.713395
3577.044722
3739.584628
3516.440221
5093.972561
4408.759309
2731.742906
4327.176928
4233.540022
2442.905987
3478.903739
4999.182381
2448.990399
3005.074753
3294.441995
4694.252560
3332.532228
2726.648393
2962.633157
3027.798762
3662.310881
5676.684124
2678.244492
4962.165144
2804.734370
3428.889966
2983.271494
2150.298243
5687.065034
3502.364861
2311.252336
4657.333668
4530.859845
4190.341083
7817.014301
4542.900427
4170.041618
2931.719195
4214.389730
3197.562481
4175.662504
5308.574859
3131.789076
1345.811471
3513.489697
4275.246821
3721.057289
3960.525437
3206.261965
3227.343277
1764.618046
5137.766527
4692.343079
2852.773335
3217.249095
3754.478138
2667.390284
5182.766640
2484.965386
2958.677842
3392.787488
1950.055188
3049.070146
2599.306125
2696.060102
2704.179931
2762.283189
5057.824078
4497.733582
4756.813688
4627.610987
3766.822491
2608.031805
3605.696075
4781.815385
3270.853787
3517.383720
4416.580593
4137.278386
4766.526026
5729.530197
2203.833861
4993.999589
3033.479298
5186.169329
4768.538770
3387.336378
6799.956891
5075.426246
2523.980184
6416.956169
1566.592570
4842.707596
3682.500807
5753.685039
6554.434949
3670.044557
3498.091818
5527.380704
3258.257169
2968.381463
2448.038037
3667.868916
4624.962845
4441.866527
3598.178956
4457.156881
5269.819677
4804.742922
6279.824465
5081.164161
6426.301656
3728.488003
6371.325548
6456.017935
4960.405763
4403.521509
3130.114102
3455.651353
5844.763236
3091.252171
3427.649385
4374.502568
4646.469893
4246.435607
3783.194774
3513.631803
4893.384111
3652.244881
4738.396380
3833.091996
6327.706736
5129.048113
5299.408519
4450.034079
2220.190730
3807.925588
3235.722139
2097.405887
6453.616069
2998.059524
5071.612081
4415.488263
5566.364220
5084.593180
2121.227898
4583.933097
3121.876765
6626.178827
5457.637430
5632.760914
4717.722265
3385.745968
5341.827879
4514.951747
1961.874721
4684.912417
5236.456168
4474.481417
4463.912837
5701.977501
3219.770854
3086.201278
3643.427568
4526.312919
4283.507611
6654.275607
5749.942157
4035.195791
5559.965516
6831.740136
3139.215352
1805.612331
5035.634545
4187.557719
3821.136618
3629.517155
3670.093163
994.037278
2951.924381
5125.718473
4486.376948
5361.571835
2941.314207
1580.992141
5602.611301
2994.651760
3447.840368
5508.656933
4228.324405
5682.971931
5347.552771
5390.825296
6212.931992
4414.933618
4624.016686
3863.458500
5919.236695
4610.798766
6295.404752
4332.868192
5759.829116
3789.249577
5727.061372
2457.759487
1733.660343
4286.797026
3352.584526
6336.440029
3491.279227
3985.677694
1656.333269
5103.890210
6182.257757
1905.162374
4882.752835
6745.761814
5923.785271
6781.080926
5404.186325
4952.691335
3576.778625
2880.314974
4826.694654
2990.734392
2754.666352
5467.736469
3760.694598
2770.508402
2516.908457
4136.679675
3692.629163
2837.235592
5233.116086
3159.851190
3914.430027
3446.425092
5249.593892
4423.480258
5174.801909
3019.049392
4233.869735
1594.670352
2962.460491
4220.039818
5711.095297
3834.422390
4777.418026
4199.071023
3292.157603
3434.616020
2718.195130
4437.433591
3332.594524
4366.723610
2943.665998
3828.610016
4722.725725
5574.199250
2190.216222
4542.160056
3389.013071
4109.238713
4165.320391
5616.400444
2614.189581
4356.694753
2853.241016
3127.985806
2242.495956
3256.081240
7566.187572
4831.914052
2362.099136
6414.718087
2889.641963
2231.559737
5018.250686
2379.758645
1588.714051
3972.047560
6491.914761
2714.611636
4341.303407
3232.681570
3215.136156
5260.070381
3361.621864
1708.167491
4036.584979
3111.986805
3433.657841
4724.768877
4644.847133
2379.324875
2546.268911
3296.806831
2402.450044
5716.789034
4180.472278
5649.367727
3614.258278
2834.740460
3260.601723
4871.670701
2654.976897
3681.419156
3792.182877
3674.704749
2358.709770
4443.137578
5156.369994
5606.592588
2935.152531
3059.433181
4361.932202
2767.429838
2979.687207
2953.079674
3749.398609
5262.040056
6654.401587
5384.921881
3478.714751
3414.030760
4718.701511
2637.699438
3300.460173
6093.006772
5085.752621
1427.541886
3617.827435
3561.045062
5267.126743
4967.168986
4415.939126
3177.192973
4108.429642
5359.672697
3850.283599
4047.140127
5182.934343
5957.358794
6124.704201
3502.263115
826.683678
6184.005644
5226.874566
4170.411122
2960.394548
3968.063460
6168.693038
4225.204300
3222.901025
3332.330240
2475.044186
5918.217608
1613.612088
5196.574907
2026.779840
4375.882235
6959.342272
6319.899884
5059.334575
3401.326038
7873.298152
5557.806109
4093.641848
5723.394243
5497.633923
2445.251573
5183.364754
4880.375304
4172.830716
6533.557015
3306.450700
2255.764054
4577.737048
3512.504900
1889.992289
2622.866121
5207.352024
4689.131695
3548.644659
6378.171665
4127.218520
3992.020011
3095.635322
3677.664244
3312.920939
2004.986898
3336.933351
3660.932682
3403.501805
6265.113756
5100.265691
5078.034203
3414.169655
4555.204425
2679.369507
5017.577597
6292.262414
5038.985848
2388.994568
5046.113066
7287.781766
3361.426421
3269.804989
3832.735003
2428.733610
5563.844636
3835.621280
3164.860959
3650.395386
1559.644728
4829.510299
4258.054890
1640.369442
3881.670941
5501.246335
2042.062580
5176.681691
3830.024319
7331.854483
4345.651172
2542.973065
3273.089591
4950.831878
2816.631114
2362.133716
4666.832117
6023.150743
2397.356406
5227.478373
5547.099010
3489.826656
2408.115663
4443.909346
3856.364436
4710.349541
5749.689113
3661.654501
5036.116202
3976.774090
4396.916921
1998.736451
3201.790060
1351.674104
6596.363384
3588.446094
4127.530160
3019.482300
6561.169523
3978.425068
2699.821746
4032.871006
4926.676869
5342.331027
2558.060609
3960.857910
4050.541044
4196.646088
6003.659340
1839.629412
3844.829372
5130.238643
2270.181801
4308.439789
3487.147247
1923.022057
2833.217442
5766.572349
2658.153881
3729.173455
2014.837986
4965.933518
969.656860
1187.633075
3344.093432
2625.254427
3515.771405
1966.444595
4642.121671
2012.032354
4248.070138
3774.139541
5345.151074
5865.012897
6212.736389
4292.841879
2927.912269
3421.266705
4159.990438
3664.107697
4880.033172
5611.387373
4973.608656
2177.140301
1405.038874
4398.228979
4335.238838
2830.266174
6956.071916
4908.486390
3219.669536
3990.594087
2548.665632
2695.939786
3759.121414
2090.787104
2965.532480
3208.042745
3688.410891
4594.482071
4522.793644
2570.982341
4006.567823
6174.737531
3333.819340
4955.617459
2346.901199
5135.012547
3412.915672
2023.709750
4454.874375
4663.428763
3892.116940
2850.947972
4614.631132
4279.917411
5789.281773
4093.293959
7072.200338
4242.308037
2678.344870
4124.160744
4318.249422
5253.484982
1873.294369
4425.995879
2724.114694
4241.751085
3142.882312
2375.135090
4120.475829
3726.905613
5603.252817
4127.748078
2144.768831
4924.201296
4493.238683
3805.104548
4419.182818
5095.148282
1779.716508
3559.611646
5751.689330
2782.697711
3720.877385
786.350982
3749.150433
3996.196443
3131.901617
6696.418082
2215.227322
4269.219763
5065.159399
5297.787522
2041.055071
3633.149886
4558.424587
5419.918772
6185.779213
4954.818051
3402.860603
4073.872926
7246.648926
3093.170553
2640.160568
5321.603663
3791.378027
6253.847697
4750.548703
4034.206227
5620.266509
6076.759599
4632.701310
5034.794247
3690.968228
3853.651128
5053.379401
1905.147954
5701.842876
2773.331134
2516.149493
4745.074702
4867.733367
4338.936347
3764.684781
5479.671615
3883.419912
3671.857545
4113.874708
3826.259835
4359.794485
5492.033920
4758.405649
4402.019098
3244.451942
4771.775326
4903.014206
4505.256739
4686.593271
4869.395879
4753.183228
2396.000904
5253.127998
2891.008019
5600.295100
2847.675628
4080.930199
4539.538742
3499.760500
2335.287592
5214.576122
