4513.710766
6094.839334
7303.692491
4107.695609
1556.106629
1205.106318
6113.890779
3541.319533
6897.399191
2993.199376
3204.915761
6061.200237
762.385724
190.865215
59.664587
5997.710574
2759.625123
5537.438278
1508.145837
5028.083949
1432.929585
4312.542546
2343.566100
2270.448620
4432.958463
1423.890327
6270.732033
7397.275880
5757.707220
2325.244514
2101.551678
432.052722
4198.097732
6431.577742
5665.110340
1057.491059
3438.227696
7418.880861
4417.631165
2985.994443
3596.610064
4780.352366
694.214894
4501.728593
7185.468649
1374.586446
3718.390848
2502.984813
851.757774
3951.909206
7330.021879
1180.713366
1091.547415
794.408690
3866.850578
3173.671384
7371.952439
1294.637849
4456.328599
5453.760780
4366.422980
824.025580
7598.922436
1350.387139
1950.652955
7363.221692
338.973040
2914.888846
7176.826522
1908.360334
1164.137033
5958.110300
1315.813820
4004.868274
6523.085516
4826.259300
2847.047088
820.414794
3605.440591
7413.014350
3007.172707
3183.688285
5647.001174
4458.733924
5385.060518
7878.129334
4659.713540
5966.475049
4219.143714
3795.400268
960.302183
5982.791239
3079.357556
1544.449320
7755.722013
4505.867401
3855.401243
5120.695069
2940.027688
438.352872
4797.714793
940.527246
5684.429267
1790.690072
7735.043945
5226.579758
763.986615
2800.044743
4553.997105
2871.345239
4249.430192
2583.234322
5171.243412
2111.023171
5738.442334
2500.300122
4324.157520
3180.445198
7833.441223
6793.639217
384.322370
3795.072353
3548.036720
6407.150719
70.139979
3879.630102
7385.123814
3992.934610
329.982535
5692.466112
7281.944661
3046.909057
6914.521361
7300.521592
7507.402579
1986.150190
4639.250992
2210.430311
8080.244603
31.039674
2739.806230
4500.315219
7727.892724
6521.014121
2408.325319
5412.632398
1536.714020
7332.539621
3001.415977
3618.326049
5305.909522
5823.332289
3821.785680
7073.915474
5468.365404
6856.338645
1303.610165
1373.041790
2054.356456
923.960258
2609.062077
1912.320615
2932.577686
4810.176803
7914.532151
957.869259
5587.634475
2859.622319
1598.323739
6135.081198
3332.690073
7329.060310
1217.625273
5945.957344
7635.082169
1662.013399
7499.188898
1621.800484
3857.740445
3940.652196
4410.466017
4046.345178
7111.399756
3744.706059
7436.735481
4837.229502
946.242321
4549.695732
3469.169260
1018.758846
385.917838
6313.103152
6816.671844
6840.673974
5294.477320
8058.317503
4056.274186
3909.243247
2955.253607
5271.376017
447.711125
101.883436
2857.906291
5153.040202
3931.678610
7472.391823
4787.377441
5378.653476
5481.969546
630.151897
4961.937281
7367.883629
5801.145047
3474.796918
6513.806672
2757.741317
6272.312230
1559.657717
4195.254895
7246.022220
6723.451723
3197.105984
4386.275766
2430.796506
2432.871993
4919.579528
74.126814
6094.369924
7513.319910
4250.731827
162.816812
6491.161768
2817.826632
3751.200971
3210.720199
6428.392395
722.986446
2125.198238
1008.782793
2797.400319
604.166660
5574.060704
1497.254630
157.566942
7345.592756
3712.442245
7811.808416
7666.055100
3888.070788
3465.726079
7941.203766
3782.701456
6204.368503
1588.421685
1691.255767
4936.674013
3916.134132
5384.363297
4258.939641
428.538268
1823.678473
3340.087811
2078.836452
7409.247070
4482.498558
7946.272108
7976.323459
2812.372017
1164.482183
3660.048708
1925.630343
7956.181223
4439.807041
3141.938510
472.536705
4296.398018
6368.482107
6185.767656
4824.999029
5962.679664
5222.118847
6779.466021
5145.421250
5463.947057
5488.189791
7985.814763
352.727050
7306.525613
3129.969402
1782.734308
3606.519910
1256.132787
5221.743345
468.398980
7644.657138
608.518234
5819.964596
3913.960065
1240.815260
6948.079977
4390.176142
3192.417674
6579.847108
3136.337056
3516.893171
1313.521338
5970.133999
923.125159
4771.552214
6671.061859
5471.665646
5630.509859
2655.202101
7982.709992
4863.840017
2744.161746
4812.457235
5746.748908
4425.904597
4354.564819
3998.905607
3496.543602
7555.323952
5599.664548
2574.055601
4785.490709
6064.340075
4939.633597
5063.859384
3384.673200
6317.472704
7364.735675
1487.491008
6139.379388
2681.368466
2315.814687
5594.447994
3988.436434
5719.147201
2167.001898
7088.903067
6295.851924
340.288762
731.217167
2775.924829
4120.592944
7747.603574
5742.261794
1901.979711
7310.994526
5347.994588
435.044777
5891.574417
709.230181
5794.656784
7812.561303
4121.818680
4051.547551
5458.688449
6195.755962
2619.456897
6539.066667
6154.471969
5273.387903
1865.481126
1304.284086
4600.634229
1098.485481
4016.474296
7209.486808
97.779292
6770.552260
1113.835441
2835.255239
5109.806721
6216.557091
3967.022040
2163.422871
3629.192746
1665.482444
1011.443551
7021.754511
3491.060664
4492.578072
7273.651308
1343.535073
173.972941
7715.211811
3966.909279
268.251894
4857.586764
2932.746667
7650.239373
5340.147912
6238.953985
7837.625457
4227.053346
7148.589629
5171.900384
5053.759985
3723.060863
1.929127
7517.843746
7391.843904
3551.493177
7806.823690
4877.758885
1807.580442
47.486909
3802.485237
6651.370093
6571.149941
2745.059095
3696.212529
2305.966771
2060.525215
7414.280666
8092.147512
5707.231744
4378.925389
378.018796
3137.901017
5505.399292
5661.897745
3756.405015
1586.088785
2977.216252
1843.552337
5301.121775
6345.674561
3512.341871
5809.834123
3730.112414
5131.335777
3600.398822
3666.008444
4902.921517
3567.944195
834.078618
6481.333568
7714.284630
4581.772587
8050.873815
435.205887
500.350897
2027.518082
3395.399707
320.869984
6418.816649
1763.424143
3020.566028
1513.237294
1511.197303
7720.076585
4739.157864
4852.226709
1935.299156
380.914040
3204.265125
3224.951509
2644.004763
6066.043699
1176.441354
2182.829614
5838.329289
4807.356297
1005.283742
681.848523
7234.123294
1114.195020
779.707582
7854.336897
1631.222094
226.726547
3455.082377
7230.504335
5082.356223
6499.043239
5697.714489
6402.412910
1431.773160
1074.502151
5878.648986
2144.509290
1609.632330
1822.564162
809.876250
4662.126435
6024.990017
7701.214234
3580.629675
3464.943621
2889.432407
478.458162
6630.323681
1101.101438
7487.868989
5744.096840
347.591208
1978.425194
4389.238510
3631.639028
2285.151587
476.721327
1736.340880
1376.177622
6164.288647
183.286394
2266.420956
1532.004353
1068.157378
4529.051558
4759.529484
7080.040661
3127.390072
7025.942161
981.902296
4560.884162
5236.118378
7198.579452
3054.844440
2601.508724
4547.121053
691.531761
8000.306660
948.042210
2404.425131
4654.180518
2061.966214
7336.157317
7111.020543
5470.267425
6427.617936
3904.656293
6852.317373
6609.094926
665.414601
6395.196037
1622.788132
4259.141101
3814.479044
5756.285862
2733.480926
3477.915108
2228.220256
7412.840462
84.645257
4699.837955
21.513149
4607.491541
2963.335094
3413.927901
3962.229270
2601.335304
1632.453438
4723.925157
8004.109188
65.119715
494.049827
1412.434894
16.260937
5422.559970
6409.407535
5604.435078
1762.357314
1288.381244
4588.563576
702.021371
6121.190521
4743.079967
5979.013267
4374.984765
7038.944747
843.369160
647.474193
4533.761712
2933.088491
5296.271537
5817.714712
6595.168002
1466.603911
3346.935740
3785.982283
4652.229800
1672.249930
1366.571022
6686.167403
182.541955
5952.641489
6589.511014
3577.604993
1223.116685
1052.131038
2441.350656
1638.476443
665.575918
1007.458733
4840.926072
6381.496769
6250.195739
2401.785901
791.632271
5797.581757
279.595393
1131.768366
4570.932207
4034.606758
4199.777811
2272.668170
1241.938822
1534.776819
7169.997918
526.003161
3918.128885
6514.171769
794.927034
4479.653455
623.621742
496.612592
3989.836763
4957.471766
5206.969016
3225.250678
7672.143928
935.993299
2373.379955
1213.905422
119.422571
6074.158645
7980.351742
5723.721392
6154.440704
4747.919914
6333.993364
1562.472133
2903.135295
4010.900889
2626.243205
7210.552490
1810.694804
3796.563942
4320.170018
954.486095
5419.800454
525.233711
7183.975028
568.288221
1891.125086
3055.319436
2485.755622
2844.737715
2501.775679
4826.837933
4473.134799
4450.560249
5693.107003
1855.404573
2026.662711
5217.191359
4953.175556
5891.568149
603.883040
807.261047
1203.408894
1882.289219
332.903209
6186.240430
4671.911712
407.138632
6614.982640
2432.227828
2192.100772
7777.667083
782.666057
884.426734
2287.115422
1086.893300
3562.698760
1763.051265
4852.615479
370.357317
3955.431583
1738.614629
7195.074804
845.228169
7594.838839
5608.358754
2915.575736
2523.402606
3855.603642
423.418900
4871.447074
1011.974596
7848.040643
1097.082527
4734.033238
7811.635555
4760.768578
3608.497017
2089.359266
6088.179202
653.840810
6250.489489
7338.839722
3600.209023
476.056453
6759.810890
6860.634863
619.137803
6125.058519
4960.534346
8085.759500
3630.916524
6340.023728
5726.788521
1010.674421
2193.988443
7107.763540
7422.814003
5729.947857
5515.626696
7474.886319
6217.370199
1434.929509
5529.252901
1619.506295
5794.292418
1688.672425
2013.439412
1646.199391
881.169930
4243.021445
158.424168
5554.986899
4883.813389
6377.629110
6038.446079
7085.248823
1571.975913
653.170437
3082.543054
6489.108645
706.996681
652.212482
3180.178523
3351.433806
6493.979430
1580.282175
2573.513894
3780.013020
1514.826185
3918.683329
7733.703185
6989.433345
2902.226277
4931.030040
6245.879488
2749.553081
6335.626278
4709.860189
6485.189355
7726.495903
7341.638317
2042.186141
6951.463933
4571.321173
2472.960979
6478.171755
3167.687907
3995.647876
5436.856727
3725.016461
473.666591
7088.392787
5818.567812
4735.218119
3428.921544
4891.386557
4075.857479
986.657590
3493.107386
6495.842380
494.884944
7349.261685
584.142423
1085.709532
7964.111571
42.174408
3604.268831
3917.247436
7897.650860
698.995830
3864.911631
2981.782071
5690.274745
2847.646121
2789.356105
3088.056288
1962.032373
4241.089316
81.136318
2418.088684
7525.509720
6649.869170
5642.136876
3694.471945
5447.978521
4372.002504
5510.080893
3355.563128
3004.496826
6804.157177
7080.677023
5723.723682
6192.915864
3479.919440
3519.028570
4807.175131
6059.421766
3267.624082
7129.951665
7784.635033
4507.000462
6700.766826
2585.048651
3268.676904
527.721720
405.944270
2739.344839
4844.700774
5030.914102
405.318781
325.752389
7487.393684
5854.652309
3782.361759
495.085911
2627.898925
2642.234264
606.279563
590.618410
4640.624484
997.701776
2835.741164
5177.745565
6105.708558
3705.733876
351.252806
6825.903446
16.221869
4765.946834
1550.433744
3048.936402
493.109611
1808.237000
2983.251288
6086.403687
3208.773607
6108.020138
2061.453663
6820.714974
1902.573105
1086.174119
7673.413759
6080.043637
1602.400446
1761.303791
7878.821437
93.888751
6174.241166
5475.276741
1530.189337
2959.187677
6599.285606
5879.181737
2999.445787
2901.349062
6385.691344
3857.413635
6546.958762
1113.917525
4214.846407
4461.554144
4190.491610
80.484561
7662.014383
767.738546
1066.738830
4984.510364
6100.679812
177.599016
3866.659546
8061.992248
1025.715214
3915.594560
4414.761952
3357.118884
4855.075523
1221.321115
3269.978339
6202.944765
1956.661679
3064.830563
359.266234
3824.595822
5709.979802
1971.533260
1942.507577
47.851569
1832.318205
2766.063962
369.003448
5497.956252
2051.731798
5405.334606
367.724027
192.715915
6867.390393
773.332401
5993.660048
7573.426507
2087.306437
3982.293340
7759.166922
5711.453160
2437.259772
5773.986760
569.475496
5647.661036
7450.024233
1409.281415
3708.746753
2394.682298
2886.375298
5790.640422
5101.574329
5537.750606
6757.437935
7473.375142
5116.011239
5208.901318
3305.454273
3120.971267
4432.082173
2894.081144
5718.779992
4094.320153
3526.815987
6106.285404
5301.776734
1155.563376
7642.652746
7415.695748
7578.437188
5311.823485
8031.310438
3692.531768
5235.425449
3651.522759
4412.002712
5576.572220
3213.307343
1316.519847
7772.063728
3795.076098
3610.978784
3305.425068
2630.111906
7439.796621
7691.806624
7446.931530
6123.228829
6604.930635
3567.184395
4262.128932
5436.963673
5522.446589
611.822376
4659.676690
5347.132742
2148.003072
3636.634213
5249.216528
567.178206
7532.109911
4193.267508
6240.006146
1224.303003
4792.567003
3510.620726
1179.536104
5602.300671
6384.373978
6013.449120
10.358325
3405.372972
5961.545422
2356.913520
7927.529488
731.103139
