5.040939
7.133835
5.484210
5.480812
4.272724
2.607851
3.613702
3.635755
3.465046
4.164189
4.898027
2.760571
5.036938
4.083606
5.682193
4.514797
5.428603
4.060203
5.346184
3.608628
4.571583
3.256404
4.805041
4.236230
4.414708
5.121525
5.822526
5.846964
5.662332
4.678313
7.131976
5.096644
5.973266
4.344086
4.755858
5.341411
3.933118
5.782909
5.205933
4.908219
5.921663
5.810220
5.239536
3.676672
6.603025
5.480781
4.460066
5.580636
5.336789
4.827806
5.235559
5.830754
5.477491
6.097478
3.959335
4.796693
5.614063
3.234584
6.056931
4.793471
3.956310
4.534393
5.229803
5.549133
3.564826
3.664372
4.613362
4.037876
5.367684
4.693413
2.176719
4.484438
5.105590
5.492158
5.136505
5.083910
4.078335
6.579331
6.146334
3.757160
5.143085
5.023762
5.984418
4.800249
5.880735
5.233943
5.744109
5.102395
3.121586
4.851785
4.104135
4.872585
5.742874
5.233098
4.086976
3.537901
4.746343
4.825464
4.477233
4.460420
3.267521
4.776932
5.361809
6.518572
4.016322
4.324106
3.825106
6.244210
5.326473
4.410064
4.326354
5.002518
5.702712
5.261340
5.969907
5.556970
4.017932
5.137960
4.123966
5.370835
4.263701
4.719582
5.321061
5.712268
5.475974
4.491293
4.857601
5.473782
2.608031
3.622034
4.814466
3.600081
6.521379
5.485944
5.640174
4.984873
3.290020
7.869519
6.241147
4.012266
4.946200
6.372719
4.445689
5.031290
5.857623
5.860454
5.392712
4.747461
5.158593
5.222561
5.961643
4.722299
3.572545
5.469019
4.281422
4.902815
6.561372
5.530377
5.405683
5.809857
4.055739
5.707258
6.621607
4.432629
5.467736
2.812277
5.483157
6.086716
5.337825
4.180615
4.429021
5.628206
3.882451
4.553190
5.569578
4.469794
5.779343
3.710425
4.255096
3.609792
5.644215
6.058289
6.023653
5.881737
4.689451
7.143415
4.732317
4.948837
4.241198
3.351028
5.537689
4.397627
5.044379
4.904368
4.073602
3.810485
5.354684
4.702366
4.033758
3.486703
5.451492
6.701436
5.427836
3.401463
6.132536
3.257865
5.419161
3.974485
4.929731
4.835651
4.882526
3.251880
2.313711
4.245196
3.575952
5.833974
5.007119
6.033019
6.315903
5.461972
3.870388
4.642761
5.552656
3.475354
7.688169
4.660769
4.416147
5.137229
6.546751
4.543580
6.222326
5.971469
5.804221
3.546097
4.097647
4.467789
7.035827
4.064692
5.919707
4.721366
2.905906
4.891563
3.285975
5.336650
4.393179
3.688917
4.047389
5.613245
4.481311
4.370098
4.870398
6.110727
4.397931
5.304468
4.528276
4.775840
6.047522
8.029601
5.654233
5.815055
5.266749
6.354619
5.411143
5.047849
4.938496
3.399796
4.823719
3.482496
4.756266
5.491339
4.292286
7.225243
5.578104
4.479736
4.655312
7.439338
6.391885
4.248484
5.354887
5.159652
4.712554
6.748823
4.943119
3.933658
5.532369
5.185964
5.090592
4.298319
5.731133
4.747791
5.141665
4.820219
5.341087
5.279037
5.323863
3.989895
3.624025
6.574653
6.538351
4.280176
4.423424
4.171232
6.711774
4.384474
5.401138
3.779859
6.865466
4.312877
3.400448
4.610847
3.572191
6.324705
5.400513
4.917720
5.056557
5.579944
3.520934
4.793774
5.542165
4.963479
4.574252
6.694176
4.369496
5.020593
5.513896
6.041951
3.599965
6.772023
5.305165
4.956741
5.161734
3.476654
5.819063
3.697152
5.758050
4.137688
5.352780
4.204743
3.036021
3.963587
5.977426
4.648275
4.207783
6.822990
4.646521
2.884127
5.301676
5.629932
5.346927
4.008390
2.812397
4.787798
5.357317
5.158295
6.251110
5.189026
5.301360
5.604992
3.656661
4.083347
4.068000
4.734219
4.137807
4.667966
6.467227
4.530997
4.768490
7.639054
4.501544
5.369275
5.858309
3.335793
6.611158
4.545459
7.312927
4.705966
6.103024
4.970388
4.191860
4.543594
4.709548
5.968388
4.610660
4.242858
6.083593
4.705370
4.413843
3.455925
5.428392
4.478709
4.357986
5.668805
5.425819
5.195187
4.817461
5.464275
4.593789
4.879643
4.793393
4.966545
5.133303
4.880684
6.160573
5.382177
5.655130
4.854325
5.644269
5.592557
4.932917
6.062063
6.030705
3.751498
5.075422
3.987317
4.208547
5.752828
6.261003
2.478798
5.718331
4.334597
5.348346
3.912895
4.884580
5.128051
5.439688
4.320012
5.422698
4.655627
5.219717
5.099516
4.620254
6.288501
5.425315
5.230061
4.622020
5.412359
4.655210
6.480641
5.338422
6.102152
5.086914
4.309260
4.599182
3.920746
6.878975
4.234595
4.615226
4.623595
6.904070
6.050081
5.428224
3.905120
5.069527
6.644430
3.790153
6.328783
5.348370
5.307857
4.628548
5.290099
4.410756
4.038104
3.773277
5.128375
5.926446
4.021490
6.031489
6.322162
4.034220
3.457900
4.437859
5.508930
2.207496
4.753431
3.484897
5.563575
5.740238
5.850235
5.310105
3.268926
4.797060
6.057626
6.724036
6.015187
5.914212
4.148272
5.486283
4.789928
4.427019
5.178209
3.491479
4.946586
4.427109
5.077100
3.597770
3.465425
4.375142
3.231750
6.703589
3.291034
4.878140
5.459321
3.111837
5.864134
6.466035
4.962738
3.528892
3.598131
4.260540
4.794098
4.869312
5.525257
5.600408
5.264570
4.859801
6.855416
4.915207
3.931255
5.544624
5.457953
4.723067
5.805578
3.794416
4.501854
4.425738
3.612240
4.827418
3.649301
4.027172
6.809703
5.354367
3.790100
4.588697
4.244987
3.401706
4.381012
5.496253
4.576008
2.723167
4.999429
5.763381
4.120631
5.536656
4.533624
4.634437
4.391123
5.627589
3.520997
5.074478
5.661261
5.100421
3.373948
4.446831
4.499205
3.002645
4.925362
5.563496
2.372171
6.534076
3.892418
3.247231
5.721684
3.780909
4.078997
4.699280
5.962943
5.078514
4.970410
4.296047
3.545869
5.402158
3.508301
6.217271
4.241671
6.683823
3.721126
3.546075
6.137633
5.514246
5.557919
6.808669
4.403733
5.393237
4.955657
5.959615
6.289312
4.498948
4.096594
5.236167
6.358440
3.283448
5.923513
3.584766
5.351091
4.026184
4.061535
5.139987
6.024516
5.589836
3.576147
4.795156
6.265613
5.274496
6.082112
5.656429
5.621617
5.811764
4.596598
5.177163
5.240854
5.336274
3.573004
5.643448
5.098138
3.734365
5.741889
4.492419
5.510042
4.515902
5.695758
4.890425
5.935300
5.527504
6.362373
6.520302
3.545493
5.367427
6.461805
5.427838
5.382605
4.161096
4.409497
6.168600
6.219993
6.543544
6.067281
5.201757
3.616506
5.495716
3.955079
6.821675
5.750421
4.226240
5.865067
4.295016
5.712430
5.586271
4.308770
5.387904
4.719352
6.179753
5.304167
4.991239
6.012238
4.075610
5.212062
4.771674
4.712894
5.727869
4.266620
4.101369
5.323288
3.570370
5.817666
5.848915
3.571827
4.710055
4.814961
4.063185
5.695183
4.021084
5.436931
4.347108
5.342822
5.977785
6.800452
4.207543
4.303658
6.779987
6.098434
4.606268
5.507469
4.179642
5.609928
6.123863
3.845631
5.670611
5.070967
5.188199
5.751467
4.083102
3.766165
4.989028
6.105965
4.637862
4.912799
4.628541
3.181115
5.314492
6.770028
7.138582
5.571384
4.341329
5.091473
6.594282
4.728816
6.086133
4.774410
4.465119
6.106215
4.540646
5.197079
4.726251
5.153319
4.568708
5.924712
3.754936
7.559884
4.523536
5.392961
5.685631
4.335054
5.886888
3.676772
6.224704
6.232855
4.292578
3.916203
6.118690
5.380750
4.305636
4.472686
8.073216
4.358604
4.775952
3.756844
5.589919
5.136633
5.851588
5.582471
4.295645
6.257505
2.990834
3.835821
5.637282
2.830403
5.457690
5.489741
3.493714
5.820705
5.441947
4.348731
3.895152
4.893873
5.225015
6.214365
5.374251
4.936674
5.254760
2.964493
5.271710
4.386170
3.744921
5.562895
5.616738
4.670311
4.643906
6.616287
4.726842
5.065882
7.202582
5.371114
5.967272
5.420874
4.292371
4.160096
4.085129
5.416538
5.365314
5.204675
4.049077
6.100092
3.786886
5.933369
5.852442
6.991226
4.637268
4.358789
5.191462
5.598447
6.452092
4.663002
5.498757
6.345002
5.538212
5.319776
4.770528
5.440917
5.745186
5.367633
3.926977
3.363446
4.417680
3.812055
5.604767
3.885736
5.297123
6.429524
5.795949
4.425028
3.246955
5.226222
5.909852
4.202424
4.972070
4.577526
4.680749
5.175636
4.867017
5.281535
5.215956
5.527941
4.155215
3.132868
4.941828
4.673228
4.530392
6.412210
4.354894
4.899435
5.734637
4.357063
4.029203
5.607739
4.811854
5.230707
6.897266
4.566439
5.087023
5.289957
4.835332
6.591022
5.007118
5.929739
5.258863
6.381805
4.399235
4.606110
5.208678
6.097015
4.250627
5.238369
3.771456
5.227487
5.624644
4.750961
6.383445
6.775949
3.351220
5.214864
6.832647
4.615505
4.380789
4.836957
5.364341
6.021639
6.496143
4.838675
4.341778
2.434846
5.090767
5.503775
4.719986
5.048320
5.626236
4.769069
3.537740
5.697027
5.715524
5.820499
6.158886
5.094702
4.047634
5.446769
4.744974
5.636834
4.378674
4.938510
4.775855
4.264235
6.146548
4.856192
5.933815
4.769518
5.343164
4.036513
6.331411
3.260008
5.383354
5.794664
5.089107
5.437463
5.911787
6.582086
5.004446
4.957060
4.411790
6.084892
5.490516
4.715583
4.044162
3.518161
6.328009
4.802937
5.064362
4.216933
6.007281
4.024596
6.142789
3.843260
5.483827
5.271907
5.267095
4.979350
4.467924
3.297578
5.493101
5.767594
5.394119
5.568952
4.688520
2.959138
3.276860
5.198440
4.714695
5.877470
6.159993
7.016983
5.559506
4.345169
4.833109
6.495833
6.496445
5.467448
3.491840
5.815977
5.512545
5.635582
5.357158
3.535988
5.319035
5.035780
5.750825
5.306599
4.163989
5.384135
6.322479
5.044835
4.113068
5.050669
4.924832
5.738485
2.485673
4.845812
3.042196
6.533662
6.757038
4.167169
4.913645
4.015900
5.888218
5.018330
6.673041
5.475363
3.436211
4.285033
5.898695
5.378508
3.991348
6.007854
5.464939
6.120534
6.162458
6.859558
5.417165
4.966121
4.956880
5.159936
6.869099
4.487473
3.879074
2.943934
5.167508
4.616154
4.553512
5.708961
8.344600
4.886634
6.247264
5.257488
