6.191330
4.950785
5.636266
5.402151
4.732177
5.919808
4.324968
4.648621
5.138519
3.156078
5.473113
6.000955
6.483624
5.574921
5.071440
5.633598
4.136885
3.363012
4.168221
6.337100
3.380932
4.911072
2.436979
5.694149
3.558402
4.250700
6.110210
5.204773
5.140312
4.497688
4.719721
4.431513
3.803406
4.291668
3.552099
6.125357
4.801664
5.058477
5.731444
5.244159
4.707313
4.781307
6.149903
4.046587
4.896794
5.148200
5.881026
6.316686
6.566895
4.604594
6.121350
5.587907
6.414474
4.647472
6.136239
3.842621
5.039852
4.890496
4.866771
6.099885
5.133874
6.426410
5.369450
4.376744
5.711912
3.974356
5.724105
6.016510
4.733920
5.922107
3.165123
6.535645
7.041372
6.097130
3.279665
4.862514
5.129576
3.944149
3.915292
5.637999
3.602398
5.216516
4.492320
4.973440
4.694988
4.741329
4.294513
5.504661
3.606574
5.779458
3.883756
6.416587
4.590887
5.041325
5.456375
4.242204
5.075824
4.193237
4.205835
3.900017
5.398914
5.679862
4.858177
3.944956
4.610981
5.000705
4.287787
3.260928
5.609343
4.699130
5.281067
4.677056
5.964538
6.823851
4.535797
4.242422
4.748499
5.566090
3.670853
4.215099
4.242917
4.695920
5.082460
6.297108
3.006781
5.858648
5.262256
3.847988
5.025718
4.020809
4.504315
5.221553
4.968355
5.346249
4.488887
3.752787
4.306513
4.723690
4.561661
5.936490
5.666823
4.634538
4.372770
4.975657
5.042985
3.837100
5.699855
4.394461
4.188858
6.087395
3.922603
2.952537
4.602691
5.586161
3.687919
5.819849
4.790541
4.644384
5.965973
5.011966
4.177229
5.545676
6.174247
4.659662
4.352484
6.598359
4.640526
4.476262
5.699191
4.306006
4.582560
3.254118
4.620486
7.039544
7.330418
4.306649
5.036732
5.936437
4.839516
4.083049
5.410222
6.574302
5.475523
3.226713
4.691292
5.512703
3.529637
4.574381
3.648022
5.493187
4.491464
5.560712
5.267966
4.204413
4.356941
3.099560
4.547162
4.811516
5.556607
4.120179
4.727118
4.465121
5.699279
5.754601
4.447415
5.685383
4.878630
6.708556
5.083927
6.191628
6.260334
3.826431
4.903003
7.047124
5.173912
5.344769
5.693365
5.434150
6.029858
2.878368
4.993351
5.385033
6.000116
4.341015
3.721615
5.122261
3.460379
4.060262
4.717975
5.509267
5.033419
4.315067
4.801083
5.574897
6.355356
5.133501
4.647345
4.678893
3.479889
5.333262
3.924152
4.616877
6.218363
6.959306
4.636179
5.232521
3.493771
4.731040
6.206051
5.334369
5.032799
5.332321
6.480275
5.473330
4.677309
5.735245
6.013480
5.053883
4.079757
4.637676
4.657518
7.111557
6.263081
6.120657
4.585344
6.265851
5.437685
3.914325
4.889741
2.947674
4.777479
4.510488
3.413590
2.715201
5.842367
5.090384
5.427486
4.623726
5.082103
4.292077
6.437007
4.535038
5.140036
3.626907
6.244693
5.086495
4.797317
5.658952
6.519590
6.898706
5.235254
3.583350
5.029900
3.922489
3.792864
5.096514
2.952189
4.322883
4.335000
6.071492
5.778069
6.416467
5.850220
6.050111
5.263055
5.002304
6.362306
2.709994
3.600416
4.687391
5.259725
4.810099
6.094539
3.262533
5.763483
3.461924
7.476676
5.174224
6.536827
5.248650
4.153784
4.120308
6.444665
5.274762
5.271806
5.418485
5.316129
4.702628
3.278503
4.224807
4.981828
4.285059
3.433606
5.557111
5.360359
3.937223
4.406201
4.418721
5.102332
4.979536
5.306220
6.686342
4.189941
4.357999
3.601752
5.091216
4.618525
4.870932
6.649648
4.278705
3.577705
5.011235
3.997589
5.139098
3.281262
5.450196
7.121485
4.031514
4.484435
4.912178
6.346436
5.124566
4.880983
4.968098
5.462713
4.275445
4.540898
3.981048
6.375584
4.779231
5.584315
3.582038
5.047161
7.080581
6.746904
3.064920
4.828853
5.186855
3.412498
4.197575
4.348399
4.607189
4.668188
5.634677
3.981966
4.494205
3.786343
4.236593
4.675591
4.353094
3.646667
5.530838
5.701007
5.810718
5.121898
4.730123
7.019643
5.733499
3.845176
5.739981
5.809161
4.624085
4.192036
5.927231
4.739585
6.150027
5.733761
5.222834
3.421027
4.448784
3.419936
4.419843
4.475348
3.143959
5.468911
5.552322
5.445423
4.758403
5.136980
5.018811
5.443544
7.141593
6.385180
5.439253
5.951455
5.439868
4.802480
4.388229
3.971354
5.656635
7.458826
4.197093
2.500164
4.413195
5.660242
5.747472
5.857353
4.381038
4.896893
5.761017
4.940519
5.468403
5.459228
5.815635
4.152561
3.880537
5.207970
4.900337
5.297352
4.501422
5.694916
5.445308
4.312066
6.058438
5.798691
6.009206
3.381473
2.985663
4.428745
5.284049
5.288985
5.123538
3.848756
5.710457
4.829422
5.507331
6.635421
4.019502
5.448889
3.967550
6.791264
6.070578
4.592577
4.647342
4.952911
3.876995
5.497412
4.517350
5.332697
5.466598
4.882044
3.419585
7.046384
4.897200
5.244515
3.475359
6.401877
5.279948
5.793786
4.235055
4.150180
6.181425
5.260068
5.541281
4.188443
6.076293
4.123639
5.642603
5.430602
4.096185
4.680399
5.071847
4.835233
5.975902
5.394150
3.393644
3.166415
5.564885
6.167041
5.769914
6.640294
5.400857
3.474722
4.573405
5.604578
4.399457
5.582801
5.424463
3.815375
6.347188
6.348281
4.482154
6.076023
3.297683
3.381333
5.600870
5.293281
5.004078
4.887886
3.471462
5.776179
3.880297
3.510843
4.885263
5.140924
5.090721
4.792183
3.521056
6.141509
4.422261
3.718806
5.947689
5.914848
4.654783
5.418679
3.772348
5.261245
4.974395
7.484783
5.265161
3.513721
4.500746
7.152379
4.392799
4.349216
6.714241
5.173300
5.864630
5.206942
4.614110
6.268222
6.164221
5.486742
4.056243
6.109035
5.341310
5.537603
3.724811
4.814195
4.775354
4.220676
4.955575
3.975384
4.208655
3.459730
5.267675
5.166418
3.367311
5.548087
4.754935
3.733783
5.716048
4.673890
4.697495
4.577259
5.624841
6.547391
4.839365
3.454346
3.872924
1.677149
4.336780
6.527745
4.242670
4.949111
5.190996
5.184514
5.125522
5.045653
4.718621
4.782247
4.931604
5.405625
4.860428
5.250541
5.347609
5.426174
4.676882
4.417977
4.533386
5.830959
4.702717
5.901720
3.794114
6.070777
3.617954
5.968976
3.091337
4.463864
4.827888
4.689157
6.018839
5.374063
5.623007
5.427994
4.477283
4.201261
6.672440
6.809753
4.586862
4.887046
6.120050
4.768236
4.879827
4.446047
4.963845
4.107962
4.695803
5.561295
6.556678
4.770452
4.014966
7.224419
5.827597
3.586362
6.009413
4.661838
5.283125
5.978844
3.725791
5.905781
5.050848
5.756771
5.126720
5.046954
5.608615
5.788630
4.774613
4.489506
3.957978
4.287901
4.862857
4.961852
5.235703
4.202815
5.088409
6.729502
4.865409
3.550264
5.398171
6.608857
5.176866
4.391359
4.726538
5.034402
4.634467
3.892912
5.868372
6.081209
3.879111
5.117888
6.852984
4.829247
4.942948
5.237205
4.747984
5.451858
4.786190
4.465000
5.187370
6.087367
5.469489
4.647916
5.361222
5.088248
4.649907
5.228132
5.671740
4.799099
4.608999
4.199614
3.806019
4.886638
4.664110
4.744967
3.921065
5.280858
3.524490
4.112117
5.665957
6.636069
5.134850
5.937328
6.643861
5.204257
5.419723
4.536106
4.823208
5.166816
5.487246
6.118555
4.679363
5.458268
5.433108
4.261678
5.640635
3.317260
4.996292
3.838922
5.336766
5.062219
5.273965
5.027627
4.447412
4.490607
5.025957
4.839305
5.410368
2.046976
5.320196
6.081017
5.368483
4.010973
5.767001
4.407653
4.934548
4.318255
4.707135
3.471743
6.259516
6.025084
4.021574
7.815233
6.032233
4.143155
4.525210
4.468034
5.250904
5.783019
3.483451
5.395441
5.131397
6.587462
4.768234
4.867584
4.871136
4.090746
5.419193
5.361420
5.372268
4.487660
4.507091
5.026435
4.421345
5.392800
4.799594
4.233381
4.637814
5.487016
4.978914
7.198430
5.891150
6.637984
5.300901
4.445843
4.380767
6.054083
2.945044
4.408015
5.930390
5.387663
4.667561
5.213652
6.459189
4.819289
4.234889
6.909985
5.956078
6.775089
4.695332
5.053102
4.926814
4.920434
6.450741
5.198695
4.117090
6.187930
4.477707
3.737192
6.608629
4.669140
5.226337
5.144153
4.336814
3.956722
4.856509
4.130312
5.808570
4.808110
5.877823
6.407922
7.183208
4.688849
5.665839
4.649892
5.081415
6.441456
6.507603
3.590599
6.069197
3.671562
5.586026
4.732454
4.580120
5.326481
4.339848
5.266137
5.673739
3.949444
4.832802
4.740106
4.665296
6.936686
4.085334
7.044951
5.684569
6.213287
4.723793
4.685149
3.866217
4.802155
5.561956
4.064271
4.023359
5.825418
3.086711
6.245055
3.835112
5.726652
6.190950
5.737063
7.514437
3.303166
4.015523
5.547330
3.858749
5.351058
6.195715
4.989103
3.951447
5.804915
5.800801
4.417896
4.190825
3.993908
6.155526
4.950936
4.911716
3.572856
3.671818
5.244084
6.053443
6.725476
4.875183
4.806516
6.603858
3.747149
4.829666
4.379471
4.903050
5.622743
5.151586
4.911105
4.215077
4.338817
4.442836
4.785728
5.463455
5.896951
4.203664
4.776421
4.571769
3.919542
5.082198
5.230963
4.229133
5.807868
5.705373
5.444114
4.427612
5.103891
5.781784
5.586495
4.906281
5.517093
6.105870
6.663692
6.253664
3.975929
4.676221
3.630206
5.150009
4.275174
7.118557
5.068260
6.240520
5.544268
5.845880
2.897073
6.057992
3.670304
4.169644
4.902487
4.587803
6.740117
5.683939
7.145224
5.036541
4.872839
6.633646
6.159951
6.013418
4.378250
5.142363
4.655083
5.213756
5.132021
4.565892
3.514045
5.856466
5.863674
5.157885
4.395085
5.233028
2.950380
5.332144
3.745354
3.758840
4.522802
5.569406
3.971401
4.903636
4.983570
3.765615
5.285045
5.974873
3.984079
6.092108
3.692332
3.044842
6.361932
5.287263
5.237508
4.465694
5.723834
5.094363
3.171229
2.481370
5.462547
4.806896
5.302683
6.411718
5.398066
5.252842
3.909829
6.189360
6.686968
4.021573
5.316713
3.418216
4.551854
4.175762
4.152212
5.714061
5.393555
4.143557
6.289396
3.712728
2.442273
5.238339
