4.882976
6.158693
4.754683
4.753171
6.448550
4.986958
5.057166
6.674372
7.871733
5.488605
4.840036
3.714474
3.144245
6.905422
4.928517
6.711894
3.810543
5.654742
5.087456
4.642977
3.963733
3.706998
6.254714
3.844885
6.343317
5.314750
4.980974
4.166348
5.060851
6.021778
6.358790
6.295040
5.036135
4.580429
5.884858
5.371386
3.433948
5.950135
3.762360
4.821531
4.659511
4.517036
4.531489
4.507157
4.256259
4.940376
3.049722
4.854587
5.036494
3.231655
4.328074
6.204190
1.439350
4.487420
5.426750
4.800510
4.294019
4.676558
5.178343
4.774145
6.227413
5.165992
4.636896
5.444745
4.740332
4.207990
6.543962
3.988417
5.012253
5.697476
4.913433
6.595353
4.038977
5.749800
5.931502
6.473261
4.843269
3.936215
5.883673
5.557373
2.467856
6.568585
5.399212
6.402256
3.843700
3.717156
4.040523
5.816217
4.341071
5.858450
5.074065
2.907187
6.120087
5.103968
4.012942
4.785657
5.434545
6.733373
4.395888
5.454537
4.791754
3.991673
2.729692
5.381718
5.448738
6.212467
5.430356
3.682221
4.219058
6.322346
3.393570
4.171874
4.893693
4.097737
6.170317
4.558938
3.854366
5.995645
3.500430
6.224103
5.949607
5.261138
5.431429
4.130336
4.289220
5.305655
4.921596
6.362332
5.181425
4.501521
2.756539
4.988257
4.771031
3.472416
5.005725
5.565736
5.696022
3.397895
5.759574
4.775525
5.077612
4.585417
5.402264
5.072279
5.088472
4.845240
4.448133
5.896057
5.700333
3.570888
5.573238
5.701171
5.283727
4.116563
5.418501
4.712237
3.912363
5.654725
4.382750
5.782163
4.719671
6.147306
3.372920
3.725430
4.755722
3.905912
3.997225
5.149242
5.029570
5.230735
4.569658
5.025461
5.669179
6.211497
5.286964
6.021585
4.545167
3.591595
5.768338
3.088164
5.732134
4.853962
4.922865
3.871787
4.468796
4.827561
4.456137
3.345453
4.708438
6.411972
4.527463
4.413262
5.036338
6.383759
3.553560
5.586319
5.199841
5.292564
2.760950
4.885347
5.012929
5.033250
5.195890
4.587191
4.388958
4.027454
3.437700
6.414640
6.013708
3.563479
4.422608
4.719425
4.781127
5.621142
4.640524
6.558215
6.804049
2.114738
3.744302
5.273790
5.712905
4.151785
5.490416
3.547697
4.645369
5.627158
3.695711
6.230824
4.699325
6.364075
6.484561
5.941326
4.775374
4.337228
4.753298
5.025925
4.652973
3.625647
6.339784
6.522004
5.638266
6.208144
5.119528
5.972827
5.119828
5.826694
6.132685
5.477765
5.100234
5.451703
6.144742
6.177890
4.920382
5.231998
4.885418
4.235810
5.967528
4.995161
4.711143
6.134165
4.484915
5.474860
4.618784
5.059366
5.232735
5.491170
5.420785
3.343330
4.338923
6.110641
5.954400
3.798893
5.753032
5.195578
4.230685
5.880351
5.611019
4.583926
6.071068
5.585776
3.152046
6.115872
4.889586
5.075053
6.974505
5.053608
6.654289
4.611698
5.436171
4.003760
5.792840
4.223011
4.581556
4.649153
6.002701
2.887326
3.581269
4.457747
5.346605
4.312888
5.333512
3.856857
4.714085
6.062427
4.011831
5.145453
4.842887
3.939485
4.838941
3.921418
7.481908
4.467746
4.011884
4.737557
3.573634
5.113452
4.064551
5.753278
5.465731
5.492730
3.976856
4.439681
4.861713
6.744159
5.314374
6.106433
3.943220
5.501870
3.493886
4.569196
5.685142
5.955578
5.487935
5.807200
4.907304
5.187394
4.648743
6.635918
7.598455
5.096809
4.691754
6.853736
5.740510
5.507851
3.314120
5.986153
5.778667
6.845243
6.988490
5.826006
5.092312
5.424323
4.743176
3.373000
4.438581
5.342637
4.217419
6.038735
4.724585
4.809471
3.056541
4.733718
5.607862
5.740019
7.363885
6.427599
4.619946
5.197171
2.722139
5.615682
5.409381
4.974257
5.510436
5.833825
4.653299
4.103927
4.816686
4.480263
4.835013
6.332304
4.198606
6.660702
7.097478
4.075889
5.466331
5.648147
4.185032
4.686693
5.112611
6.344047
5.831935
2.964677
5.118136
6.282500
4.329535
3.037766
5.139716
4.542497
4.482901
5.440571
3.409091
4.953504
7.155694
5.935972
5.985759
5.473947
4.573444
3.131150
4.818213
5.670670
4.660655
5.203627
5.893086
4.817470
5.145379
6.245710
5.462763
3.365264
5.080089
5.477252
4.174943
5.710447
5.349138
3.495509
2.695590
3.234919
2.547742
4.025711
4.423991
4.577942
5.319717
4.765860
5.585689
3.308235
5.608133
4.316994
4.290837
4.224162
6.139018
6.049480
4.117517
4.015288
5.823233
5.077841
4.818800
5.579679
4.341292
5.334220
3.383719
3.803964
4.424629
6.662864
6.026732
5.520996
5.316584
5.569427
4.981574
4.707844
5.988788
4.169697
5.371892
4.077372
5.386431
5.891963
5.551047
4.389941
2.474695
5.167403
4.723517
4.816300
6.155670
5.120899
3.954829
2.211034
4.199444
5.599353
4.763682
4.909074
4.637820
5.090585
5.848914
2.224088
5.742768
2.818790
3.631706
6.320293
4.615375
4.991800
3.494533
6.018050
7.295909
3.836703
7.134614
7.056167
4.877755
3.698096
5.620816
5.647661
6.721239
4.418297
4.287958
4.838062
3.987702
5.168532
4.806260
5.636998
4.656888
6.124720
5.747003
5.745461
5.444604
5.213094
4.745245
5.980107
5.574378
6.004725
4.460077
5.063047
5.348159
4.620022
6.200360
5.558397
5.350432
5.833542
5.055775
4.050559
5.791977
4.279581
3.962104
2.432242
5.328569
7.038614
7.116056
6.490085
5.529968
6.711183
6.598817
5.363714
4.347627
4.187974
4.660716
4.835587
4.373135
4.928592
3.846235
4.810406
6.283953
4.533130
4.750830
4.891490
5.374289
4.385878
6.273471
4.629639
4.880497
3.675231
4.290954
3.016753
5.192055
5.036982
3.783825
3.234230
3.243558
4.392347
6.282031
5.586212
5.581059
3.438597
3.924523
3.036637
4.894274
4.122136
5.133519
5.202122
3.657612
4.867947
3.886700
3.803725
6.232235
4.013961
5.542688
4.462690
6.202702
5.059794
4.625722
5.267095
4.220136
4.569520
3.730458
3.765284
2.699154
3.947739
4.611218
4.742316
5.418773
3.170869
5.309343
5.084934
4.481533
5.188955
4.322596
4.684142
3.480549
7.169845
4.140403
4.177231
6.045742
7.473676
5.249806
6.288919
4.606080
4.605687
3.927355
4.775909
6.355035
3.972647
7.042282
7.292302
3.905768
4.277145
4.179761
4.896703
4.091496
6.935712
5.148009
4.985904
4.261500
5.785539
5.010965
5.153149
6.151125
5.664710
6.353901
5.039108
4.413116
6.828769
4.740740
6.937883
4.895812
5.246281
3.975769
3.961543
2.499597
6.083940
5.077675
6.282118
4.484011
5.842241
2.936721
4.444858
5.371631
6.304089
4.798150
5.021926
7.711776
4.838499
4.988774
5.940493
3.977001
4.943925
6.009001
5.911075
3.931077
4.527186
4.731317
2.994526
5.424900
5.557270
5.955918
4.303639
5.949597
5.216183
4.696655
5.376650
4.453011
4.163210
5.112033
3.289090
4.312016
4.430826
5.203818
7.766497
5.411906
4.495000
6.286411
6.750955
4.425252
4.319608
4.026438
4.817656
5.485716
4.634787
4.403923
4.872544
4.744749
4.608232
3.383681
5.095212
4.159212
3.595438
6.756891
5.000405
6.659547
6.944650
5.790045
3.674902
5.423535
4.247496
4.844764
5.790220
5.140681
3.987791
5.330268
3.947105
4.641004
5.864246
2.828613
4.116397
6.739319
4.725736
4.922173
5.048427
4.218384
4.184769
6.756377
5.623526
5.123240
4.908752
5.113466
5.581548
6.553961
4.444163
5.465210
3.609564
5.333035
6.919929
5.742028
4.218724
3.332636
5.025381
3.636902
4.376022
5.944049
5.097373
5.310703
4.219172
5.860512
5.077240
5.913812
3.228655
6.186055
4.831002
5.214883
4.827889
5.249122
5.370039
3.590503
6.954660
3.241731
4.576926
6.239090
5.374690
5.409531
7.816842
5.395261
4.559802
5.849032
5.553302
5.641811
5.709969
3.866717
5.162636
5.176543
5.449829
5.552924
5.390206
5.278467
5.424264
4.861702
5.189795
4.011610
6.225604
5.844635
5.118532
5.709854
6.082808
5.194610
5.006325
6.308143
4.436871
4.657097
5.244555
4.749366
3.764633
4.763059
4.447837
4.489134
5.987270
5.596098
5.046179
4.918816
4.718127
5.582880
5.718504
4.212345
5.371715
5.146659
6.425954
4.398022
3.178347
3.252973
6.388253
7.072125
4.131025
3.920280
5.034417
5.964178
6.418285
4.368742
4.596437
4.895125
2.672017
4.373569
5.124619
6.576705
5.531972
4.932998
5.145421
5.841151
4.786918
4.319030
4.075841
5.492757
4.477124
5.598491
3.307994
5.728007
5.043879
6.230124
5.241949
6.560029
6.511438
6.937155
7.294624
4.216181
3.811065
4.734005
7.111759
4.043102
5.486197
3.215616
4.599828
4.431771
4.893495
6.220857
4.833016
5.899393
3.572918
6.069631
4.940652
3.355577
4.302897
5.982712
6.687315
3.800278
5.103219
5.620851
6.298596
5.188914
4.628191
5.345727
5.200861
4.468660
5.824109
6.416483
5.920308
6.365608
4.340621
5.973072
4.753022
3.982104
2.986463
4.743730
4.616800
5.389481
4.483703
4.821620
3.793891
5.680832
6.740846
4.192740
4.069433
6.251133
5.518372
4.052988
3.559656
2.167863
5.396135
5.146666
4.144866
5.668902
6.329012
5.500414
5.758500
5.057804
6.422063
4.289430
5.269746
6.167473
5.846190
5.049221
5.066260
4.695684
3.827867
5.935581
3.844050
4.062672
4.886830
4.268119
3.711109
5.932716
4.828806
4.716116
4.372253
5.787899
4.512174
5.375504
4.598331
4.223466
4.092981
7.091130
4.684375
6.347547
3.092977
6.530476
5.211366
4.314133
4.153236
4.670659
5.869918
3.753609
5.444920
5.299104
5.778191
2.664729
4.902098
4.047903
4.082598
3.573363
4.236686
4.082631
6.376957
5.395041
5.300901
5.230908
5.366064
7.363799
4.395807
4.416621
3.151110
4.646159
4.745436
7.358901
5.047770
5.602044
5.851882
4.447877
5.537987
7.272128
3.072815
4.709136
3.547116
6.557322
3.615169
4.606881
5.958484
5.353473
5.387163
5.545926
4.271217
6.064980
4.499283
3.997722
5.196341
6.873277
3.092318
4.884349
6.410965
4.750567
5.520300
5.314938
4.460330
5.243361
6.347173
6.112994
4.143266
6.128562
5.127558
5.387730
5.802042
