5.055703
6.198618
7.173892
4.605033
5.784423
3.803584
3.841140
5.047048
7.743847
7.837551
7.725683
3.555547
7.085789
7.849089
5.646021
1.667206
7.727758
3.426264
4.225448
3.097553
2.572111
5.469720
6.578728
4.689682
7.483772
4.764207
7.027077
1.083063
4.039965
7.689830
2.974256
2.324537
2.485890
5.352093
3.631952
3.225226
6.370894
4.618144
2.150266
6.521361
6.512545
5.344896
1.670438
6.051440
4.551385
7.127783
6.656098
3.038618
6.048574
5.387736
7.685719
3.879993
7.036458
4.748661
4.737971
7.082554
2.477361
2.010419
1.103797
2.516053
1.301687
3.456148
2.481646
4.025577
3.872864
6.226789
4.648845
7.131756
3.425359
3.001359
2.845923
1.431218
3.473598
1.765497
7.711661
5.884974
6.751013
2.279551
2.421092
1.293769
3.380392
3.254038
7.617975
6.309552
2.645012
5.715564
1.482462
3.744576
6.092456
7.908171
4.638096
1.477561
5.362257
6.450014
4.385416
3.686937
3.344751
6.227171
4.058586
5.659481
3.894999
7.248854
4.483993
1.472106
4.684966
5.216559
7.712966
6.823899
2.267963
3.652360
3.222801
7.610287
3.085262
6.004478
6.265489
4.070172
4.379071
2.040196
4.573141
1.788590
3.840119
1.884298
2.398254
2.457902
3.964033
5.502704
7.946681
7.875453
7.732676
2.086287
2.223226
7.763956
2.805901
7.782415
5.042623
3.365227
7.366456
7.030513
2.831001
2.630456
6.077575
2.807721
3.374894
1.839620
7.497944
4.949832
4.819299
1.956520
5.236688
3.011612
7.169903
7.566451
1.343316
3.115888
2.729320
1.672995
7.034823
5.263015
4.496733
5.594588
5.236856
5.831868
3.206474
6.211120
7.294305
5.388191
1.328990
7.341582
1.972140
1.760748
4.885864
7.718717
5.484779
7.687236
1.370219
7.271693
3.348074
6.082192
3.393486
6.321579
1.772957
7.084101
7.493081
7.218901
5.066964
6.464731
6.736009
2.095972
4.007895
7.698431
7.527766
2.163808
3.123152
5.807727
3.472989
5.534257
6.255053
3.670585
1.523853
6.390962
5.893907
2.901974
5.471054
1.007209
3.158355
2.480695
2.048968
4.999829
5.122956
2.525238
1.683113
2.083654
6.968622
5.632473
4.975678
5.220297
7.527547
5.479216
5.184796
5.866880
3.660081
6.981021
4.021803
3.441628
3.446069
1.077465
7.956042
4.191908
6.398416
5.169982
1.885296
5.170610
5.435547
6.239000
6.878474
2.504188
4.892427
6.026767
2.869825
4.140829
1.917452
6.617580
6.674489
4.144367
5.368697
2.697670
1.737741
3.216593
1.282303
6.671835
1.532731
1.614857
2.908253
6.015255
5.392913
3.697172
7.361828
6.239580
2.621200
4.503598
1.978210
5.771343
7.960222
4.454562
3.831348
1.470156
6.918963
4.008115
4.381379
5.843186
4.427537
4.619532
4.479843
1.724810
2.883844
1.771246
6.331837
6.176210
1.565591
7.889108
6.236478
6.483970
1.090351
7.534736
7.300153
5.676831
1.503592
1.876772
1.910071
1.559641
5.890203
3.635184
1.540142
7.173692
1.242519
3.020663
5.288562
6.857111
7.463934
7.337992
4.635686
2.967592
2.327040
2.564669
6.400019
4.115342
7.546867
1.200763
1.222845
1.364083
2.147327
6.131085
6.152945
2.546643
4.433102
7.142407
7.428347
4.221919
6.786392
1.886892
3.986130
5.885213
3.776858
2.660083
7.020803
7.628380
6.183481
4.764689
1.133333
1.925586
3.319692
5.067771
6.033613
5.929286
2.511669
4.628966
2.035855
1.608511
1.249679
4.358510
6.479086
2.999705
3.042582
2.676545
3.698789
6.540186
7.912642
2.777400
4.763974
3.116718
2.674133
5.152389
7.196566
7.684523
4.775639
3.160889
3.063822
2.655037
6.201391
4.776399
1.941421
3.455700
1.946629
6.994673
2.469998
4.263327
2.737380
4.139057
7.139072
7.381306
4.607387
3.347714
7.027947
1.706712
6.712488
5.790405
6.332257
6.235314
7.915136
2.687936
6.144068
7.352496
3.393889
6.084955
7.835639
3.580225
1.846787
1.944593
7.778687
5.387082
3.689302
1.105375
1.045324
6.756752
7.729347
2.134681
3.580483
6.176577
7.726665
6.066690
1.858216
5.040823
1.114987
1.585397
4.762930
6.559244
6.220195
5.818315
6.415512
5.516061
1.429969
3.492034
3.608482
7.759889
4.460653
1.186812
4.757149
7.403330
3.772747
3.552617
6.828475
2.184972
1.826586
5.436961
2.001321
2.200843
2.560568
7.460522
5.987024
6.904884
5.393000
5.145566
4.534128
4.094137
1.166514
6.605157
7.878987
4.130287
6.737914
6.123205
6.706828
1.665629
2.229276
4.440858
4.503586
1.774137
5.923517
3.551446
1.152373
6.925633
4.109373
5.230595
5.610622
1.727597
7.725924
7.610867
5.837631
2.058443
3.257028
1.871711
7.838705
6.111647
1.446005
7.002498
7.977765
5.289694
4.885496
1.524389
1.403136
7.498483
7.008956
4.519066
2.939830
4.726841
2.014891
6.274548
2.321299
4.078333
1.536497
1.907379
5.313217
1.237904
2.453690
3.164106
1.132153
3.096744
2.968879
2.957090
7.811272
7.053182
5.830944
1.671593
4.462385
2.310462
3.936681
7.795994
2.275313
1.184587
2.350782
2.598766
5.467156
5.487585
5.834247
1.185141
4.672051
5.156747
3.450733
2.463906
6.876143
5.327732
7.186319
3.465455
4.904455
5.180515
3.918450
2.382196
5.561262
5.125670
6.139486
7.348379
4.204081
7.983559
4.668636
3.765293
4.274953
2.142982
3.097536
2.292271
6.204567
2.154828
6.195565
4.858432
1.659541
4.899780
3.596247
5.117678
4.810643
3.473974
1.072737
5.488974
1.191709
3.057730
5.265113
4.753517
2.361798
5.740258
3.510316
2.884042
5.099793
5.221596
1.364134
3.008048
3.262412
1.359464
1.512202
6.575571
7.616841
1.254104
1.726886
2.767216
1.607508
5.394106
2.739564
5.852728
3.797083
6.571040
1.466542
2.179294
4.388114
7.036356
3.034341
4.174705
4.270359
1.917864
6.543667
3.407787
1.675139
1.058645
6.654228
6.610948
7.196515
6.833061
2.253516
5.835466
7.681369
7.776210
5.755673
3.604423
2.533414
6.082523
1.967708
4.269655
4.085216
5.219462
7.499187
4.833934
2.936238
7.355215
7.090916
3.025406
7.993558
4.737607
7.962020
6.665522
7.424249
5.354628
4.225707
7.459611
4.684484
4.118466
4.064357
4.640523
7.262109
3.269233
3.992482
7.652042
4.864289
2.106727
2.766894
3.184054
7.389981
3.408232
2.153509
5.019039
5.985772
6.864755
2.938716
6.999169
1.030870
1.832699
3.172521
2.552532
5.413288
3.127507
2.005411
7.944156
7.431150
2.343893
5.811930
4.105823
1.573031
6.931362
2.396842
6.718920
1.887348
4.661395
1.073281
7.627098
5.633910
1.121162
7.369698
5.509290
6.640469
6.363462
5.705785
5.122572
3.067944
1.931788
2.556076
1.962926
7.900669
4.538773
5.165841
2.294465
1.072949
2.051835
4.191308
3.313395
4.233870
4.645142
7.903864
2.237254
5.526294
5.421243
3.824355
2.940348
6.434522
3.010281
5.800864
7.127278
5.168815
3.278879
5.123736
1.628122
1.853409
1.247257
5.643538
1.943047
2.788551
3.175629
5.799934
5.483979
1.227101
2.894508
5.991948
5.670586
1.545532
6.750635
2.920650
4.362839
2.236302
3.524155
4.471942
1.935961
2.700012
6.099151
1.423711
3.308589
7.457122
4.848400
1.057351
5.902009
6.059472
6.544273
6.588899
7.632214
7.620945
7.227294
6.125382
1.290112
4.904090
6.034342
4.188816
3.432991
5.274260
4.489855
1.987116
1.458552
7.880088
1.647313
2.382367
1.447807
2.287307
6.761234
6.065985
4.014885
6.167538
2.805122
1.686762
7.413243
2.380942
5.484262
5.996867
4.336416
6.144349
5.076187
7.472838
2.988824
2.167913
2.106805
4.072246
4.240200
6.046064
5.205085
3.868269
6.002767
5.510265
2.032017
7.106949
6.492590
5.958872
2.769980
6.051633
7.800275
4.225935
4.293053
5.340032
3.916936
4.944124
6.893847
1.880124
2.239745
5.398316
3.503881
6.726343
7.642805
3.619513
4.151198
1.190010
2.505155
7.134906
7.370003
3.642058
5.068067
4.001917
5.221804
4.859884
5.071113
6.202440
1.403339
3.924766
3.542614
6.706254
6.005135
3.297406
1.500196
7.795946
1.469103
3.213955
5.935332
6.131377
4.048496
4.063883
3.674241
6.972927
7.990693
5.572151
6.134726
4.344587
3.473909
6.985482
1.996370
2.989139
7.464103
3.174957
1.505434
4.829624
7.496061
1.295025
3.477552
5.224184
2.860356
5.996322
2.181309
3.265148
5.349206
4.097467
1.128146
5.747807
4.396784
5.740342
4.928470
2.794329
2.295385
2.542801
2.853088
2.850529
1.840959
2.003890
3.379532
2.797701
2.960287
5.539556
4.309532
2.302788
7.962702
4.128539
5.350258
7.779466
4.479831
1.518163
1.760086
7.768319
6.133753
1.990074
2.167235
4.723061
1.492494
4.341671
3.459127
3.545881
5.630265
2.867833
5.661586
4.275760
1.706166
4.531304
5.627294
1.928342
7.637703
1.874022
4.695822
5.681385
1.043355
1.666534
3.436491
1.097017
7.559405
1.920574
3.090584
4.453461
6.322979
4.306497
7.293847
4.694682
7.526339
6.175337
7.884856
4.779958
5.750683
3.731908
3.175345
1.017185
2.820880
7.525471
5.588338
5.203795
3.179107
1.251251
2.770104
1.131968
6.991279
1.432233
6.543270
3.732176
7.677213
7.920605
3.603102
1.337056
2.893108
3.469036
2.089157
1.455958
6.290076
4.310186
6.289289
5.078941
4.767730
3.232449
1.772000
5.006415
3.809512
5.472332
1.476904
1.327217
5.536412
7.482017
3.256627
2.129810
5.715713
3.996527
5.628261
4.190105
4.090049
2.457770
1.736985
4.504323
7.163014
3.769863
4.085900
2.717103
6.348370
4.056718
2.258546
6.376024
6.841959
4.800640
3.360463
4.294458
7.948517
3.732541
6.822290
3.234948
1.767562
7.413039
5.941511
4.967120
1.392737
7.738890
1.524825
1.739449
3.916484
4.348296
2.814329
2.423905
6.564758
7.885417
7.198304
1.903388
1.243901
5.247903
2.503893
6.933217
5.581159
3.534994
4.650135
7.826397
2.253327
2.665247
2.801064
3.483953
7.805385
6.112331
5.954767
3.766878
2.915711
5.353839
4.968550
4.416435
7.028770
1.532150
5.845999
2.704169
5.963302
7.215547
4.696968
3.943371
1.243710
2.039334
4.088426
