2.697890
5.431208
3.318800
4.079586
1.593993
2.244014
7.147824
7.485805
3.925628
4.028534
4.576781
6.963249
6.330385
2.773129
2.981431
3.913790
1.064783
4.804452
4.428788
4.645746
4.059940
7.404945
2.907168
1.772536
7.016397
3.583507
1.009823
5.102879
1.085012
1.796326
7.843720
6.400086
5.248287
1.957079
7.627204
7.415943
5.749371
2.679140
5.309729
5.609359
1.494352
7.576718
5.903144
4.142367
6.765422
6.445112
5.993181
5.386117
1.470052
5.166294
2.909687
2.103106
4.898043
2.401322
5.023509
4.120310
7.044656
2.529536
3.905357
6.342595
4.996184
6.862121
7.672388
3.824079
5.303874
5.212684
5.572123
5.665661
2.758792
7.024528
7.248475
5.124763
4.889266
1.892075
7.097016
7.554647
5.945599
3.682549
6.594181
5.400499
5.179312
4.690721
3.944934
6.514124
3.882056
6.715593
1.974804
4.523753
4.712065
5.670671
2.959467
5.762054
5.844974
6.471623
3.563714
4.347635
5.693442
7.672305
2.426580
2.521810
7.059536
7.628616
3.149447
6.749604
6.596723
6.128037
3.920647
4.321688
3.610612
1.551371
6.889549
6.645827
5.412610
5.738559
2.953030
2.568087
7.841875
3.394476
1.966067
4.686219
5.279315
5.442995
5.425283
1.728753
6.143882
4.227802
7.668897
1.148858
3.853168
4.195154
4.953727
7.287480
2.682748
2.938459
2.681212
5.133933
5.019943
7.180386
1.745075
7.469966
3.718893
1.442685
7.210424
2.601295
5.961203
6.930549
2.736032
2.482783
2.131537
6.735875
6.851886
3.651750
6.961977
5.940839
7.682756
3.079819
5.516742
5.877263
3.158626
7.022228
3.585898
6.189824
6.373410
4.894367
3.633511
1.415818
3.659715
7.826630
6.177492
2.106835
4.576429
1.036050
4.896526
4.905234
4.266471
6.572510
5.171487
6.175942
4.060709
6.343639
1.546206
4.092085
1.670195
1.970208
4.277926
3.109208
2.454504
2.841790
1.963761
7.937630
2.744084
4.824648
7.862626
2.153308
1.643596
2.921586
6.089740
4.264669
4.284578
2.904439
4.913127
3.929918
6.126363
3.779505
5.133004
3.398886
6.069066
6.791029
2.821853
2.885846
7.416815
6.414602
4.211932
6.941380
2.775510
7.997462
7.336121
1.187033
1.462724
7.994496
6.491462
1.006529
5.730675
3.447800
2.182159
3.551051
1.508482
7.050362
7.439703
6.088454
3.642343
2.865772
6.033729
7.885205
3.646455
1.977457
7.124924
7.599882
3.215771
1.466727
5.275938
4.681673
5.882978
1.214739
5.121998
7.413695
2.967073
7.588461
7.258092
5.743890
1.558642
3.091331
3.007513
1.274344
5.891276
7.669612
6.169965
1.607311
2.079913
7.090108
3.444965
3.518968
1.292849
1.914704
2.430888
4.940786
6.783858
1.307162
4.467461
3.616361
7.177573
3.464882
2.276503
7.182768
6.784717
1.741804
1.502401
2.848405
1.134887
7.046876
4.841399
2.391130
1.713920
1.860873
7.691958
3.740044
6.914874
5.292632
5.259171
2.892340
4.562500
4.938890
2.918679
6.229670
4.064064
6.724483
4.378941
6.853360
7.415916
5.305068
4.278907
5.595588
1.041370
3.298284
2.263710
2.180282
6.992391
6.108463
3.929409
4.580241
2.118675
7.567353
2.507580
5.892665
3.023130
4.747508
6.375291
1.517016
3.486486
1.365886
4.442655
6.701342
7.462789
2.101810
4.115418
1.825540
1.844590
7.020386
7.622637
7.658576
2.682948
6.302342
7.464085
2.879887
5.267745
6.997767
5.468787
4.904640
1.278310
2.548063
7.302800
1.163229
7.389747
6.469823
1.313146
7.041988
6.690435
6.137243
4.640094
7.066264
1.691453
2.257465
2.209346
5.486592
3.148287
1.253140
6.524235
5.819784
3.110760
7.537390
2.907570
1.531804
7.021740
2.386837
6.572210
7.125772
7.843162
4.020253
5.393037
5.778876
1.571945
2.676809
1.135190
5.130009
2.056344
2.980631
4.470803
3.788365
7.055968
3.653740
5.402104
4.156666
2.078770
1.889645
1.263162
6.959605
1.089601
1.920092
1.983233
6.195648
6.258506
5.717537
6.647078
5.435647
7.914313
2.857403
5.379457
1.539667
6.181607
1.273250
1.511376
6.698745
5.806214
6.035795
7.599074
3.637302
2.139659
3.243721
2.214191
2.905689
4.908991
4.406472
7.569058
3.157617
4.062948
1.959721
3.037341
5.597889
4.724162
5.995330
6.508114
7.871279
7.593670
3.818869
1.731537
3.943723
7.157980
3.172767
6.696329
7.199825
6.455028
4.656160
4.082280
4.875699
4.868662
5.598111
1.456636
3.681873
2.242322
6.705695
3.616865
1.644421
2.779456
4.315845
3.406888
7.561770
6.672105
6.061828
4.138242
7.441392
6.470649
1.194902
7.721422
1.940097
2.214638
3.413368
4.478401
5.479947
3.467610
6.113121
5.231208
1.919164
7.382939
4.054080
6.925380
6.868224
5.245511
4.308498
5.927857
6.496135
2.533000
6.124881
6.874049
5.138223
7.117936
2.145403
1.782541
7.170120
4.202942
2.850426
7.106425
4.678517
1.838790
7.544913
3.355761
2.271967
7.952374
5.552183
6.538165
1.946090
4.935330
6.087173
3.123068
4.405023
4.218296
1.903570
4.309208
3.864158
6.906805
2.678487
1.328433
4.965748
6.332700
6.696864
2.200822
2.223642
7.758742
6.177903
2.016705
1.763429
7.952595
2.263400
3.968076
3.456243
4.075987
4.114551
1.255470
3.679764
1.793847
1.183440
4.072306
5.248291
2.033942
4.459821
1.215812
2.152317
5.986179
6.707898
5.634535
4.624737
7.946720
1.522075
4.516270
4.953612
5.355776
2.525878
5.432835
2.655651
2.524395
1.513573
1.628212
3.355657
7.531077
1.818317
6.459919
2.861470
3.734567
5.872882
6.529787
1.134313
4.391805
6.065216
5.084956
7.850822
6.763534
2.721112
3.725849
6.347127
4.167904
1.955858
1.102926
1.880351
6.060970
3.723377
6.802443
5.653254
4.246471
6.442237
6.685065
6.888021
1.975304
5.941349
2.259338
5.685720
3.898306
6.834882
4.865114
1.979280
2.757889
5.841857
3.094820
5.647234
1.069643
2.483064
6.851009
2.915957
2.484487
2.771603
5.327015
2.147297
5.621315
6.439114
3.193982
6.256759
4.348398
4.521745
5.970841
7.933059
2.915497
1.764353
2.477396
2.591464
1.732264
2.166383
4.404781
7.161388
4.449557
3.711974
4.147174
3.550551
7.118825
3.092993
2.935654
4.530585
7.548553
1.529927
3.475352
3.238070
5.240402
2.429717
6.252411
1.273267
1.800803
6.097688
4.846634
6.376323
4.864281
1.966972
5.896611
6.339815
7.274575
2.783673
5.199318
4.943327
7.498523
7.668836
7.127673
4.802571
7.812714
3.284513
1.818343
6.888115
3.556935
2.412955
4.538900
7.290881
3.829315
2.296847
6.111605
7.749912
4.768545
2.929198
1.029660
2.501866
7.856438
3.160880
2.912836
6.028028
3.063515
4.498054
6.795876
7.295077
4.361893
7.336555
1.483737
4.167979
3.215301
7.558408
6.155615
5.416150
2.225523
4.371584
2.214029
7.193304
1.857754
4.269959
2.192837
1.016147
6.377742
7.707080
5.892416
5.842518
7.207216
4.680334
4.376046
7.211277
2.937325
4.620012
5.535533
6.701684
6.197585
3.810685
4.182072
2.085657
5.636105
3.021045
4.706302
6.816455
3.162214
4.325921
4.761872
2.784769
2.618005
6.815472
7.642251
1.310407
3.002940
1.417104
4.271138
1.013297
7.489988
4.235123
4.715129
1.174809
6.017956
1.779805
3.189692
4.147645
4.468184
1.769116
5.528850
6.386765
5.366753
5.017953
1.733411
7.433684
2.919295
2.590202
1.524932
3.538794
5.506281
5.056711
2.148859
3.873924
3.033368
1.819041
4.627630
7.581461
1.618221
3.443534
7.483163
1.514011
1.985946
2.792584
7.962185
2.438991
1.127922
1.990680
5.366207
2.849369
3.346139
1.554337
7.748397
7.304341
6.057108
1.817943
7.169334
4.996570
6.355957
5.573646
3.272907
2.747036
5.434719
6.329468
1.371429
6.611237
5.065714
6.462567
5.371535
1.390993
6.416427
6.890861
7.704785
2.324617
3.830194
3.071811
3.935725
5.723786
6.668195
3.361743
4.815815
6.398318
3.538990
1.804860
4.288280
2.124005
6.145025
2.440920
5.547303
1.522026
3.693680
4.674389
2.458387
5.103762
1.932347
4.950372
6.900008
7.437507
4.179476
7.458829
5.545223
1.560531
6.847216
2.159794
5.649416
2.734062
4.373774
4.016451
4.489832
1.611842
1.221610
1.604889
3.373487
6.193333
2.354822
7.497959
5.198061
4.803325
6.490524
6.242922
2.790081
7.898416
1.680544
7.895541
2.359992
3.383900
6.208387
3.363895
5.990898
2.020363
7.237266
5.737888
5.676883
2.369846
1.005315
6.329553
2.790843
6.699108
4.913764
7.626444
1.636014
1.485903
5.569158
4.832507
6.938837
2.032303
4.917474
6.983299
7.303792
3.825467
7.630712
3.377907
3.481559
2.564464
2.951658
7.513583
1.797066
6.283436
4.715904
7.194914
7.913066
2.905916
1.722162
7.379149
3.349743
6.133543
5.449127
3.473443
6.162298
5.744107
5.198310
2.002783
5.773811
7.435495
5.360569
6.077132
2.362825
2.001620
7.232040
1.890751
5.853105
3.141631
1.388989
7.743849
7.871189
6.075097
3.147222
4.364056
1.682676
1.732603
7.864966
6.488311
4.042217
3.535514
6.389482
2.023678
6.958777
1.169660
3.467789
2.135203
5.364260
5.113881
4.003530
4.327902
3.044548
7.723374
6.746148
4.501944
2.177389
7.371839
6.490326
2.914594
7.583380
5.867441
6.080290
6.439720
6.367863
2.672918
5.731380
1.302089
3.208348
2.708367
6.517301
1.274181
3.160867
2.686849
1.874395
3.959837
4.975495
2.141896
5.848572
3.948600
5.117856
7.800018
6.910608
3.592813
3.410664
1.031246
1.146458
5.520811
4.278502
5.775564
1.908177
4.730838
6.200350
1.285325
1.454077
2.677179
7.353295
2.823453
1.774066
4.720995
1.770298
4.394617
4.332863
2.423345
4.151616
1.205341
1.163850
3.833168
4.047405
6.743424
7.732875
5.431598
2.866928
4.458480
6.676941
3.343141
7.176186
1.163026
3.979899
6.165520
3.897135
1.141961
6.931068
4.466229
3.912390
5.534365
1.078284
7.713711
5.339711
5.525695
2.349535
2.634021
2.984847
5.331650
3.049059
6.537734
1.692940
6.237866
1.809987
6.444107
3.105613
5.040693
5.929137
7.001933
5.485678
1.787949
7.060156
4.050288
