# Bin edges and counts
4.978030 1.000000
158.238654 0.000000
311.499277 1.000000
464.759901 0.000000
618.020525 0.000000
771.281149 1.000000
924.541773 2.000000
1077.802397 5.000000
1231.063021 5.000000
1384.323645 7.000000
1537.584269 12.000000
1690.844893 13.000000
1844.105516 6.000000
1997.366140 13.000000
2150.626764 14.000000
2303.887388 20.000000
2457.148012 29.000000
2610.408636 25.000000
2763.669260 29.000000
2916.929884 32.000000
3070.190508 25.000000
3223.451132 36.000000
3376.711756 48.000000
3529.972379 40.000000
3683.233003 36.000000
3836.493627 45.000000
3989.754251 40.000000
4143.014875 46.000000
4296.275499 55.000000
4449.536123 43.000000
4602.796747 44.000000
4756.057371 36.000000
4909.317995 33.000000
5062.578618 43.000000
5215.839242 28.000000
5369.099866 31.000000
5522.360490 25.000000
5675.621114 20.000000
5828.881738 29.000000
5982.142362 12.000000
6135.402986 20.000000
6288.663610 11.000000
6441.924234 8.000000
6595.184857 8.000000
6748.445481 6.000000
6901.706105 7.000000
7054.966729 3.000000
7208.227353 3.000000
7361.487977 0.000000
7514.748601 4.000000
