# Bin edges and counts
172.000000 2.000000
318.720000 2.000000
465.440000 1.000000
612.160000 0.000000
758.880000 1.000000
905.600000 3.000000
1052.320000 5.000000
1199.040000 9.000000
1345.760000 9.000000
1492.480000 13.000000
1639.200000 9.000000
1785.920000 9.000000
1932.640000 14.000000
2079.360000 11.000000
2226.080000 21.000000
2372.800000 19.000000
2519.520000 33.000000
2666.240000 25.000000
2812.960000 33.000000
2959.680000 29.000000
3106.400000 39.000000
3253.120000 39.000000
3399.840000 40.000000
3546.560000 39.000000
3693.280000 45.000000
3840.000000 36.000000
3986.720000 48.000000
4133.440000 41.000000
4280.160000 33.000000
4426.880000 49.000000
4573.600000 40.000000
4720.320000 36.000000
4867.040000 37.000000
5013.760000 38.000000
5160.480000 28.000000
5307.200000 31.000000
5453.920000 16.000000
5600.640000 23.000000
5747.360000 15.000000
5894.080000 19.000000
6040.800000 5.000000
6187.520000 12.000000
6334.240000 10.000000
6480.960000 6.000000
6627.680000 5.000000
6774.400000 7.000000
6921.120000 3.000000
7067.840000 6.000000
7214.560000 4.000000
7361.280000 2.000000
