1126.372262
1158.379475
842.872158
907.328270
1099.682797
453.530230
633.065980
1160.281217
1007.365817
644.962551
1220.650894
902.838929
825.580391
890.993077
1297.235560
889.490737
538.147730
883.125796
1213.001022
1239.181506
946.566801
1127.368864
1140.916623
653.603331
1427.139409
1245.588625
1101.572426
1020.399473
866.362391
1550.330470
1248.375224
1171.686712
851.383192
978.852058
1360.831141
843.426120
1465.001399
986.390110
1033.821109
1105.101721
1039.951488
1243.908438
670.628816
811.550678
1148.757009
887.076786
895.294235
864.396410
877.743306
1013.501350
687.662248
1069.371808
851.045649
958.297060
1139.657627
1247.462219
700.398911
965.956178
1155.131862
852.407003
1280.122749
1086.421432
729.596865
1109.062218
1239.980909
920.854286
1337.243315
1394.475497
949.415669
906.136775
1114.661727
679.614189
1079.247550
682.962695
716.610258
1223.205801
951.842522
964.066313
1484.523270
1193.637001
1256.642010
1156.312263
605.130509
654.555898
643.757410
1097.870882
449.179556
1114.589918
722.423745
1126.796088
1377.729562
946.388674
505.779447
1078.772639
1111.528961
511.885000
1184.248602
1181.572880
1194.184956
931.767388
1360.685326
1085.084176
623.504907
1238.208579
1269.217325
1229.049427
1036.335947
710.967942
1491.754315
999.797714
798.353496
1310.347248
269.318974
581.236275
1021.012668
493.242465
692.616355
1467.596364
1123.151047
789.232497
968.666061
844.232170
1443.622631
902.025146
1102.711862
1282.981334
1007.331514
720.233241
1071.229973
1279.231600
798.398037
1133.364251
900.032002
1305.872620
918.381332
1383.944273
478.681540
1425.001403
971.746900
1006.377778
1137.815491
654.533714
1127.029045
1071.474828
1487.803513
1288.238069
1064.127960
791.473146
1136.690392
1372.470374
773.981231
1084.318638
863.199360
879.165958
1254.986929
832.962668
1469.855695
825.405150
1201.217148
1210.130710
1184.438514
1395.389297
779.509637
1428.358847
911.063543
909.709359
1052.819747
1122.927089
1414.818568
1481.762130
1241.384315
1116.984632
753.950714
665.974681
1016.008491
1156.721592
1120.716096
1205.121855
1499.147296
364.206141
1223.906545
832.978164
906.560506
552.220812
1077.445005
1033.410647
1447.236820
996.412087
734.932362
907.005660
995.128292
922.936100
803.454345
1017.602405
1057.592592
855.351873
833.322637
663.951642
943.135346
1217.398965
1318.342527
1282.146707
1313.723253
1516.761514
1265.080993
1748.916166
1438.636519
1567.157365
1193.343227
991.019800
818.751691
641.587634
840.465917
678.397366
1081.239438
742.129495
1107.614947
521.419453
1069.349523
1091.099878
1203.481151
694.859748
688.561605
1293.709079
972.362831
1092.447347
1153.184713
1417.761523
805.457884
910.901509
1005.081846
779.759049
1143.947263
1081.415372
1199.199202
1299.464700
1205.486244
1077.195159
1084.887165
1188.662971
654.506911
922.609447
1344.598812
716.742316
907.770385
927.999000
943.732374
1077.823876
1261.696532
1264.255239
775.761281
927.236520
973.305103
701.666629
1306.431519
872.372017
723.962529
634.291211
951.844847
1549.147712
1498.610933
1390.915708
401.791505
629.773191
792.277671
1062.750935
1107.793342
771.140383
1146.280449
1069.109586
825.184833
892.320607
1073.652216
1141.747469
1214.748816
1066.185551
1415.553713
1154.348530
1366.553854
640.827188
1124.598851
630.617202
704.872339
1209.988526
1303.320683
512.442888
1243.880590
1287.947518
1155.017377
978.413593
835.480488
945.273062
542.094639
942.544428
679.798594
729.390362
960.956480
1529.866298
761.593792
1064.843249
843.755516
1148.295954
1366.082675
773.980594
1491.512365
925.759943
1294.782443
1450.616238
1005.839940
990.504010
1072.243983
1116.021962
1193.539630
1012.957892
1074.896167
1116.873498
1208.250288
1303.468407
781.609902
1397.825041
1310.874592
1239.784841
1095.346852
764.320357
750.754779
1084.325296
1332.549908
887.171190
762.213167
569.456133
1061.640836
1005.899810
742.760586
1600.204601
1345.769842
749.027289
1345.448118
1233.112624
817.266419
1405.166338
1055.393317
1434.178986
862.471569
830.469124
881.937427
1046.402661
771.810212
1235.375200
976.338650
585.083309
876.880498
911.419577
1212.310490
1266.377520
1041.211713
1131.588852
1010.985389
940.898185
737.548509
918.674464
1031.395992
1194.278394
833.584846
656.906259
1021.766537
1189.250802
802.897746
1281.769012
1174.764935
1416.536741
1472.715104
1091.535341
1074.618264
922.461157
1081.070267
1110.398211
1254.980960
740.863613
1086.372134
1099.015933
1241.730080
1207.574993
1479.494932
289.254211
465.072849
1047.479078
1096.102236
1418.311739
859.304517
1351.308014
998.172366
981.002040
1239.927389
746.549192
1494.333355
771.418741
1001.701790
1126.338563
1227.356463
1240.386740
589.942530
800.515108
1174.260958
862.490144
1386.721772
1014.858437
976.175508
1421.374188
583.912935
904.261105
632.509776
1149.798078
561.235666
1085.663440
872.023285
687.761527
1102.530193
446.863129
673.227654
902.225408
515.726032
944.463230
1148.619386
1221.462732
1252.557033
899.751608
1263.168679
848.121424
1226.828065
932.345214
1175.781075
691.717680
988.985592
1161.579246
1069.548784
1096.553338
1142.328538
811.487567
938.411884
879.919229
1102.796701
1453.851905
952.856759
914.726880
1232.759821
1127.639615
928.879254
1001.122629
1452.670875
1766.858254
804.699166
1036.877246
237.722059
1242.950575
417.890630
1469.351505
383.374682
1038.522237
897.890682
745.319299
1063.640664
793.321010
1156.738842
588.607559
1594.777605
1362.764298
1111.852448
1102.389770
1712.391921
1179.907969
988.131834
971.806079
908.941383
848.354931
836.216926
585.822157
920.586911
913.239117
1281.632515
781.044007
723.252231
773.395597
957.013068
1377.359742
1272.919392
1968.769233
775.385125
974.349430
1250.026057
1297.047179
1037.483937
795.350989
357.240414
630.515901
1182.450246
741.919052
1281.633218
1431.146542
1047.316425
783.961365
1264.567791
1025.795220
1093.069899
838.746716
1107.536372
687.308370
1110.213269
989.609148
1059.604957
986.179213
1242.185348
926.796823
450.066712
1195.320426
839.854725
897.205528
899.648332
1168.173229
1076.491491
1300.144299
1331.339768
1287.921209
985.133460
1258.040005
903.078590
1022.477253
840.299469
1010.882930
1203.769777
568.554278
865.318741
1421.804170
1007.291025
1159.251305
1390.266671
634.767401
1000.743536
1471.556073
1342.409996
917.417201
1165.528969
1691.104951
470.745344
1244.919501
1254.710626
1267.738344
1664.424340
1470.039990
1336.397103
1504.983171
1291.931257
1204.946074
811.509524
997.280680
923.643938
1259.886067
761.133557
664.489628
1156.258727
774.159500
1543.822011
904.679355
1391.207506
1521.790525
1252.412940
873.738908
947.198278
976.947405
1138.890936
1284.272877
1221.095534
1048.181632
998.479309
1077.879362
1097.509286
1035.835591
1392.498364
1072.637921
734.214432
997.734074
1193.578365
1317.438348
736.775472
649.013008
673.369459
1040.614099
617.571400
959.885724
871.770165
939.916229
1301.764835
1360.267105
811.722298
943.103031
1005.501599
894.411383
986.231638
1012.347702
1256.056504
1147.680140
989.944195
756.004076
1236.053436
1108.893084
1213.744732
778.498338
912.482782
630.516692
1071.114795
1120.551404
760.038409
668.591130
1046.578684
1200.453665
1016.292917
783.985110
1157.475919
1164.451382
917.423920
1010.376061
1388.431587
1037.564728
832.494171
683.478985
957.627127
818.432373
897.278698
949.394371
1227.696911
1088.281150
1378.217951
1655.853231
550.069161
1017.784498
1238.262870
1228.404135
889.362598
1160.783406
945.750891
1076.820325
1223.986427
997.794830
1279.280554
784.872686
1307.826066
651.107469
742.960306
975.813305
825.038988
889.727268
585.085735
1156.651082
773.609154
1247.766998
1007.864464
969.568732
752.171769
1056.709713
1164.923406
1111.618957
937.197171
1327.179387
1107.395282
150.778927
1346.500120
1161.836041
995.638226
954.886064
920.220125
1017.027839
1000.068589
975.165978
1076.187106
945.264024
920.936247
803.013887
843.311512
1001.034151
951.723352
1376.282717
608.770379
587.054273
783.912291
872.270234
1446.613133
1017.532492
1285.168478
994.396323
521.254203
1347.291810
1210.118975
1030.808870
1439.926934
1234.977652
1008.924261
1020.997050
1206.910026
732.638642
1380.027159
1198.084339
1141.930583
1002.929448
1293.509361
975.029672
997.565425
1094.420061
1104.676393
1338.439379
762.575733
1145.887491
1023.968830
1082.231683
610.148476
980.413478
992.621166
1274.463957
1004.989224
954.732303
650.571388
1392.860207
1050.211664
908.687021
1246.845136
1003.189590
1372.855084
1346.948020
943.819944
1217.483462
977.436079
1237.089729
1036.016234
1300.007191
561.391009
1047.478079
990.679857
931.891529
1022.090865
1249.343356
1066.044770
467.717496
1159.202494
876.370939
913.782382
626.632782
1227.666131
1328.610657
1527.156097
1295.310321
1495.919429
1334.557945
1282.400186
1053.106935
1000.156197
1083.429457
818.336564
1231.464471
1067.883758
1197.399464
1057.688058
1348.129827
834.905943
893.253368
1175.177778
978.713396
1077.029746
1142.922005
1055.911192
983.151916
559.427698
926.383732
1212.845824
1367.906274
1238.414989
922.337036
1068.316035
634.572796
688.906127
828.482000
1368.483625
1157.562304
777.216812
525.588856
858.587454
1299.338576
1375.890469
1207.060448
983.970636
732.246833
1154.855933
869.099653
1005.655899
830.502601
161.399559
773.140943
1443.440519
1344.099131
1024.406526
1353.080481
601.593090
860.635989
1405.202150
1005.854085
888.410088
1129.216839
799.105147
1375.751809
855.360872
735.106741
1188.589573
790.454879
1005.509519
822.319687
795.508776
869.555313
984.952560
1419.155053
924.850289
1092.102922
855.058319
782.959252
821.983559
753.615340
1499.740826
1569.862967
734.078220
514.253414
1040.954599
622.272707
870.290993
915.387271
1154.021720
1172.296037
1005.455864
756.656859
1217.316303
1091.241254
1162.186256
977.433030
1006.153712
1178.251869
1355.818121
1094.841150
1109.545378
1244.692164
1263.932397
836.986174
818.865189
1080.595908
1109.033811
1228.321786
1042.165377
1110.961625
1209.842678
1227.623281
1193.284072
878.845064
1236.734716
1102.346515
1348.015725
1315.591534
723.763212
1288.858297
1227.265260
1231.379305
1539.963096
904.571725
1389.045830
678.003017
469.090902
452.615709
1130.727187
1056.313929
1221.396774
841.613408
900.502279
1018.736290
984.504627
1118.891795
973.941772
654.615209
997.096367
1040.908703
758.399086
1082.371795
1120.929890
521.958642
873.078330
938.630411
1413.057959
704.008078
971.694272
912.282083
1390.404896
1052.082122
1326.343039
1038.265572
721.176804
1107.619793
960.509856
1047.039380
605.234409
1154.043703
635.668058
796.414435
535.445913
812.791729
1537.177377
991.179565
999.566139
1168.323520
704.987648
872.828216
1025.428205
899.998596
1276.756907
879.994056
1174.348787
1229.423864
650.786439
1105.278881
690.977051
1219.466202
1385.615911
749.996731
991.861319
1440.243832
1098.379347
975.868466
1585.335820
1085.080279
1273.655147
1678.512616
798.989618
772.340675
1299.331950
1187.104564
1264.411852
1447.238822
1113.681039
727.295846
1197.325097
1171.412546
1035.890417
1025.811626
1043.946673
1038.696984
1076.653527
1497.557669
696.070523
621.519233
861.204859
1054.166277
1065.960497
939.403267
1110.550043
464.391887
929.411544
1231.739898
997.177536
796.052067
737.200339
1004.091269
599.186026
1360.710594
1308.222893
1431.406943
1380.038169
760.967160
716.875323
1017.035095
854.252353
1199.258471
989.730931
1530.108486
648.349710
1016.067777
1193.489361
834.157169
640.818957
1167.689366
1023.341379
838.340047
1569.194189
1001.791152
1506.558885
1193.899922
1350.320579
1147.531617
1280.090888
1165.482576
830.297549
931.839899
1331.003243
503.924326
596.517580
1438.145960
956.513747
476.242963
1534.836814
701.336520
