1304
1075
702
857
979
1266
1021
1229
834
845
769
1848
1008
993
703
862
852
1018
994
1093
843
1010
962
761
1062
723
1127
959
952
1218
1217
1257
852
1059
782
915
1122
881
756
1017
865
1542
1190
1149
1198
1280
868
882
1140
743
825
884
1293
827
813
915
960
761
746
886
966
798
703
1103
895
722
1045
763
994
1349
1188
993
883
1283
1263
1367
873
1102
585
877
1181
1029
1179
782
856
732
368
1004
827
1645
983
1311
959
1001
1428
1081
925
1056
667
1234
870
1040
612
831
1032
957
1136
948
724
893
869
573
798
1222
704
518
636
1367
767
1067
1256
1105
920
1057
1108
1178
1187
1361
897
1085
755
1168
1091
624
1527
1243
1139
660
1278
577
1068
1063
545
972
670
827
826
1238
1010
983
1086
927
963
1028
834
1188
830
883
859
1342
803
780
1360
846
1099
1058
1073
782
1036
1092
754
1316
1311
866
817
1399
1414
718
873
1160
806
1124
757
1016
247
1645
1307
1232
839
1147
1204
920
1333
1323
615
717
1102
953
1456
1331
1349
1167
842
744
1506
976
762
1054
1000
541
831
1485
1253
885
1547
573
1235
1108
1066
1042
834
1256
871
907
991
618
1255
441
1193
1242
1377
1053
974
921
1012
1034
1289
891
863
673
1332
1088
1030
778
1034
1096
733
1239
987
1103
855
902
960
892
1135
1019
1117
838
953
651
774
783
1321
1113
727
1210
886
745
876
783
1076
1292
809
900
1394
1443
1147
765
555
640
1036
1084
418
1061
1045
878
1533
945
852
832
1013
1235
1241
1153
1438
785
345
989
891
799
1310
1416
1468
1325
663
900
1270
1158
1054
908
1125
1010
787
1242
572
1028
1383
963
909
1434
503
945
637
972
1598
1045
1097
888
1060
650
1004
1480
961
1206
1469
1329
1168
734
1147
724
1143
668
898
1461
1216
559
1039
1435
935
1353
1203
915
445
565
1151
954
1706
1185
912
798
1024
805
1162
1270
1102
959
1593
1007
1280
1124
886
856
920
879
1341
1005
541
651
1330
887
1522
893
842
1015
1208
1022
620
1072
1338
880
1015
1365
1002
1901
1441
902
859
1562
835
908
996
1092
730
1427
1190
947
914
960
1034
502
1027
1322
718
1418
778
1063
811
795
1036
1325
788
1010
744
1134
809
1338
913
1193
984
1398
1271
1170
1092
801
1518
915
1060
1157
1007
1151
1289
970
1290
658
1260
776
1251
755
628
783
729
797
680
1296
431
718
1293
1034
1167
1302
1165
1259
1041
1267
1196
1403
1084
1055
1162
1222
892
1056
834
1184
1025
803
685
1325
1127
857
1293
1027
719
1165
994
822
1257
966
1090
868
715
1206
1027
912
738
1136
483
1171
843
772
1063
838
1241
1212
1028
784
574
922
1171
1236
1369
968
1283
1380
899
634
1337
991
1166
797
1063
930
658
987
1275
1060
1551
1209
483
774
1018
1100
1227
559
1202
849
1051
1394
1221
582
1159
1339
1240
936
1467
1141
662
980
1335
1481
819
1119
746
1106
915
630
1035
883
1392
380
936
1083
1446
1669
863
1720
1006
883
516
1197
1017
862
927
1275
745
1552
770
974
927
1129
1249
1114
1016
738
850
793
887
634
1240
1211
1033
802
1148
1382
720
1214
1011
944
903
1583
556
1134
1084
859
951
1438
945
884
1311
719
511
1045
1305
927
1000
1009
1355
1206
1160
1385
1016
644
1066
1586
1148
1074
852
1449
944
1118
1209
818
1115
781
704
1279
849
1576
1167
461
1378
1314
1263
1235
846
907
1152
915
982
980
855
1357
786
1235
717
709
593
876
953
972
970
1113
596
1216
1353
868
1032
816
958
886
740
588
815
873
819
874
917
1216
1201
547
1366
181
1228
829
1421
1063
743
1349
837
983
822
971
567
667
752
1227
1089
1035
1169
1676
907
992
922
1252
1005
897
1083
751
1123
708
1251
1272
973
915
982
666
968
1416
1213
985
906
1129
732
1800
1273
973
1286
931
1177
955
1065
1069
742
747
1031
580
652
740
504
1011
955
1005
1137
609
1050
1021
1191
1289
685
1002
540
918
768
971
524
644
1054
869
912
1223
807
918
1057
1217
951
882
1054
1043
759
1208
1672
613
1118
929
1082
502
1057
1103
698
869
1312
1493
1076
624
403
917
1336
1224
1319
1159
991
909
1164
1397
883
1565
1101
1135
729
891
1060
1350
1250
874
1109
699
1099
1103
1364
1288
881
1158
884
965
419
918
1095
554
1530
1107
1076
816
1063
988
1659
1191
1135
1026
1230
1067
1015
969
1028
1221
707
993
748
1018
1194
1266
1304
1204
626
493
1063
851
1209
1126
796
1413
1159
1133
1188
719
1065
884
862
590
971
974
887
848
1027
943
970
1094
881
1216
945
1265
656
935
962
1104
1087
1207
1306
1012
1247
1244
1023
733
985
915
906
874
797
969
939
993
868
970
1087
547
822
874
820
1029
635
1125
895
375
1102
933
1143
1203
1048
968
988
1279
1007
907
1378
1386
1248
870
1498
1230
1411
1226
1321
1194
961
815
598
1207
925
1076
1019
899
718
746
1368
941
1430
782
994
975
826
738
1229
1384
1166
1084
664
799
1040
1422
935
930
1206
603
1305
1009
1335
960
770
818
811
601
1083
722
668
1185
1067
1219
971
1139
1770
860
1053
1460
860
771
1081
1137
1126
1287
1249
1092
1435
1121
1173
1369
1444
1438
1060
1169
985
1185
939
1533
899
935
880
1105
861
800
648
1043
