1040.556290
803.170419
1365.327048
761.123803
1139.137865
821.477446
1110.486261
908.458242
1381.296112
1259.525491
1068.831923
822.419575
1116.144114
917.572223
643.431130
1024.947382
886.864051
1207.686674
888.219330
747.008775
941.580614
437.031261
1227.156148
782.586995
1037.579323
894.139537
705.060484
826.666537
1311.898307
714.534597
953.036288
1146.772160
1340.779610
758.424231
961.868044
1207.444268
565.842706
526.373762
666.539989
1134.015606
1186.852927
1007.939695
1068.726684
1068.336026
708.614824
1112.305788
1041.899109
883.144541
1064.346934
1327.704161
1309.665592
1036.525104
959.483666
1205.175099
1058.935558
1073.514108
966.101573
1547.296488
743.212421
1292.765795
1047.905669
1225.223618
738.456503
549.149817
990.732341
1351.819070
960.205799
904.181827
1430.793770
826.576967
805.765496
926.462180
683.616842
859.907620
986.898000
1028.604748
1202.718492
929.264311
802.302118
685.887440
893.930789
986.074182
753.913027
895.478637
1132.670460
536.039479
734.197397
622.530657
1131.790552
1142.192375
791.911292
1290.197997
926.712465
969.238046
597.159806
1032.023912
916.766129
834.164406
1068.754144
816.287143
1165.089011
1097.670491
908.899181
870.728673
1354.411321
938.574104
1460.556579
993.697288
1166.493809
954.835282
828.296737
1088.451263
941.255381
1094.745468
686.484677
1169.251439
1269.535891
1285.151232
1368.948915
933.822542
632.180036
717.004534
777.419274
1110.686176
1128.301042
653.370884
1357.596458
833.154852
935.087254
719.314063
1265.697023
673.251108
744.624311
1113.124293
918.800361
874.160019
597.499215
713.432675
929.176050
546.036612
1050.629555
873.915989
1083.666193
655.468988
991.870342
747.735097
435.362006
1256.039251
1238.433464
702.988496
1542.596454
1154.796933
1150.191183
959.078975
1221.657262
1213.207917
597.268480
954.917709
546.720756
789.693959
1209.045612
1780.364744
871.323729
1424.530864
779.742112
1152.076073
909.676904
1172.272240
998.122143
1201.620289
990.892867
813.536766
1070.120069
928.179740
1072.249093
823.027646
1531.708624
941.930093
945.766854
1175.413267
1218.082289
818.955373
1126.996174
1076.773737
1066.676880
753.822116
904.232759
841.970543
655.132257
1063.445803
1275.392628
923.095038
1179.081934
947.794214
871.328298
1339.981721
1273.793709
1428.653069
1074.944589
1024.312145
1100.582686
595.624646
848.900077
1014.096826
871.078210
874.012398
856.909270
1008.553187
794.866067
1276.619858
1042.131684
805.320193
781.694695
884.290975
1243.491648
1145.519999
1258.430873
1202.293365
1631.350483
1174.835967
1073.855766
717.323520
1083.160820
924.098031
865.227117
987.883824
846.421269
1204.042991
1297.451288
883.419947
937.838496
1096.074822
868.632447
1575.027124
1099.084125
938.077151
1487.196722
513.111973
789.810147
1065.285482
987.564047
1186.264884
687.629488
1048.956500
1456.428901
1026.309190
1668.327080
635.318089
797.949880
1146.053419
1557.484099
789.808746
1325.040592
1244.765829
943.971221
729.544561
1242.587601
1156.567161
1290.259287
776.514776
588.593283
1352.849604
1319.826105
808.943994
796.015937
1183.501861
596.110799
1296.113592
994.572099
1014.517706
1073.066986
1154.423457
1042.945544
1303.231369
842.467244
599.974242
1144.123540
1259.097186
805.051255
1054.248200
828.865289
1063.879463
995.904612
1176.327038
1011.960639
1029.754042
1258.896515
1222.155538
696.845241
687.511431
1472.751938
705.213076
768.969951
1084.177629
1533.775353
1082.154845
887.691988
925.031026
713.860497
970.009726
667.304538
708.270548
998.448678
1026.929030
1327.628484
1186.926120
1480.942602
733.058153
842.904697
1053.999470
1237.336110
570.847946
989.923126
986.194363
1049.940533
733.816981
1255.657317
736.167756
1316.454383
1438.913868
1267.318564
1007.228240
901.734680
856.778840
932.309148
785.240155
1149.644245
1241.396501
763.027605
519.131290
1095.155527
789.238354
964.858216
651.444098
1165.833915
697.147036
1105.003501
330.012644
633.792863
1223.023986
1232.947146
1352.109702
961.322700
1297.258996
744.484400
1312.823454
1043.291170
757.935296
801.439612
1225.365292
933.870152
1024.597612
903.631958
1391.497265
1376.033218
964.588713
833.787586
748.932156
784.471291
428.287694
1315.322955
954.223588
1238.405991
1478.709885
1067.432410
1033.983373
486.303578
893.286755
1145.893556
1136.557484
691.149586
1255.004109
1178.314670
699.363291
1154.109661
803.874060
1072.249078
1063.061394
1123.120716
1583.093602
1062.858226
661.686482
1144.705557
1148.943140
1094.720267
761.336327
1423.505606
906.400903
1680.218682
698.523242
1031.414804
1124.519646
1131.912492
892.074795
976.278594
984.919477
1244.624020
872.270394
693.035865
921.704717
1122.239925
451.427098
1162.905550
1029.868722
1312.294138
786.025371
1445.001281
934.304580
524.807102
658.680105
1003.491651
933.094211
952.903217
1195.475671
1064.436417
1352.635623
1524.170321
1579.946176
1114.050500
1168.275859
863.613273
1157.157728
1034.677045
978.258441
891.525822
1304.592431
775.777659
1043.086440
1190.958721
959.684705
1160.753252
722.414689
1251.794324
1022.255134
1372.261137
819.419988
1052.928769
1213.584877
1294.416229
1270.205018
683.209558
936.134443
944.914905
1296.591140
960.526879
927.484295
1057.954127
1228.755757
533.313870
956.067748
966.818404
794.611906
1183.224960
970.228546
1214.395081
1059.539063
1076.205214
1012.476588
855.762337
1260.605519
1741.616406
798.491639
960.266576
1189.921125
1419.400387
775.445316
1092.709407
1106.331478
951.254569
945.271704
866.776012
1148.225620
1104.411974
980.606800
1082.980922
640.880425
1156.669218
1066.478284
997.958614
1211.496756
1103.515193
654.977542
1090.258729
686.965689
1288.217144
854.418645
1059.736531
775.029908
1695.195170
972.685857
927.434155
935.879166
875.585720
1254.359890
1115.157740
1052.568056
906.324113
1192.032757
1071.922931
1245.237573
1154.387172
1157.714483
1135.742645
1147.070576
1404.800636
1274.916759
1037.123449
821.124032
1028.891796
1100.598023
547.022526
1089.913770
1041.884200
1322.274822
868.206352
1110.266371
1195.606318
1041.420856
976.469130
981.475674
1049.009169
1436.831719
664.682361
1026.989012
1023.738713
818.186724
969.124167
769.584976
1166.655067
915.150924
1145.752596
1172.322498
1373.901226
1642.714471
903.200533
1080.165751
1385.973795
1151.081361
948.112593
1044.408357
674.650541
843.487684
1209.657324
719.320906
1142.724547
1479.937934
979.979338
1280.315060
1142.774048
299.589424
594.435382
1410.621892
979.473064
1093.860611
647.354959
1033.351021
998.628909
1344.106000
1092.531003
1257.747417
1043.247293
1646.326912
1140.944473
790.326104
1200.497263
701.063591
1002.396254
572.859957
564.751118
649.499896
925.905525
843.386294
790.488751
1103.202270
839.972810
936.489346
1252.517028
863.871201
1123.156159
1329.856299
457.803983
1236.032876
639.319172
693.284642
784.691852
1071.379321
587.838896
647.065244
567.625256
1075.374087
507.671296
814.248179
889.973290
651.968892
863.585391
1073.142022
843.161287
973.335656
979.863868
1301.615312
965.369296
1321.257969
1140.678084
1060.528900
1036.259696
1132.750789
834.492926
1257.002682
1041.405576
1346.374782
779.191058
888.299794
1307.781095
406.021277
877.948473
1102.309626
1052.116410
1055.626034
1045.395919
705.421049
1547.838806
984.904257
1110.027816
1319.150662
391.488378
784.789516
1150.780796
757.324429
1034.721606
966.741380
1461.131879
936.919381
1507.108359
1244.538291
919.564617
1362.452915
942.966960
528.979551
948.346427
852.320915
817.289903
1060.652134
809.489723
945.225705
671.108892
860.847220
957.154992
1592.895730
909.138615
943.698265
561.612071
1612.426247
1067.240361
1194.363127
559.935714
1362.707852
1149.052692
1126.211133
1118.604131
1184.775720
945.363504
938.807870
1175.985472
1278.140892
1121.015184
771.560767
860.903450
949.193593
604.222812
946.438714
1051.857813
781.146958
851.440367
688.232279
922.605079
1334.955399
1287.000829
1601.253521
1157.282852
1171.304062
1428.156584
544.552056
1433.055739
1102.684249
1128.174274
1245.507238
807.302870
854.432755
1406.102490
649.719861
876.310828
1008.483118
835.505481
1116.427229
786.858126
935.306081
1149.882140
1147.981205
740.447563
1083.185845
996.908626
981.728789
719.290590
711.889348
476.211269
991.546863
1539.818771
925.493349
930.563916
1076.422662
1318.330287
1224.883509
1286.113952
837.170028
1229.658099
545.334282
1368.303153
933.209516
1134.429137
1025.917046
1073.875305
567.571580
1071.296818
984.264460
897.357090
1275.884713
684.220829
1646.628359
1114.451372
873.473066
1001.133217
1125.377342
873.559213
468.343610
1133.799263
854.956154
792.272097
945.834039
1084.532218
1179.049468
726.273351
1193.813910
707.568197
1274.667432
930.654564
1103.027206
858.200203
882.922826
1427.015027
723.781325
789.142181
624.048986
1534.649943
1269.540269
951.362380
938.405084
752.489788
909.743708
916.167941
723.048697
837.365891
657.895027
549.392674
1184.075601
1051.908885
862.272061
854.903291
516.455466
1110.088152
1053.144914
1344.389697
1017.312669
1342.049187
855.011071
1411.407335
1091.984433
1053.464640
1210.441094
839.388114
1048.421200
1156.359557
1006.455911
927.245651
760.587413
799.910639
787.598149
1503.206871
1412.184698
882.255126
1611.479876
630.807947
1172.588274
1466.460389
809.325695
1159.242578
724.232301
1135.443958
1073.966356
938.771812
1121.928565
835.513322
1141.183785
790.511841
911.944552
278.761704
925.202017
565.175863
708.356391
1263.953909
890.916387
976.942997
1200.479806
722.540442
985.243553
1176.795725
972.422162
804.455476
771.890803
1109.032959
1176.300178
1321.260882
1021.591465
874.729642
771.485078
852.075681
1333.796840
1156.019776
1030.648835
1118.225917
1192.578398
1279.914592
770.451060
1112.842603
860.197619
1260.043482
1175.531528
986.097189
776.336113
777.616636
784.692199
1028.112706
750.686364
1231.982560
961.897901
987.508597
722.625153
1112.084614
948.035950
1072.409291
948.386491
714.139727
1024.777400
1256.764545
1220.698206
758.295922
1045.288740
1018.919593
764.717096
1333.075967
787.948478
1024.602835
925.812403
1137.879217
937.811095
1523.975315
1713.530548
912.071647
1195.075469
1350.545347
1472.805740
977.624638
1713.695627
1388.602222
1033.147128
720.351538
1090.151517
1114.672754
1164.296368
1209.474175
868.776632
1273.672890
344.336804
1308.269615
576.012639
1611.948711
780.426166
1546.985973
994.944535
803.363026
1231.702188
1258.230734
1123.434926
1305.037338
1142.361649
1041.716523
1420.198776
1083.756622
446.595700
1019.600949
1104.094122
980.200642
722.479150
1302.902324
827.281953
801.087794
1223.610915
919.507248
971.356901
879.562985
1229.970077
1137.304879
1814.669163
743.354903
722.647496
1085.913555
1845.629061
1051.402457
1305.176726
1216.270134
980.971226
1560.091779
923.826079
1282.182504
1096.542622
881.858065
830.421076
1269.854747
998.337439
1225.735782
1145.775552
1077.818548
1178.615473
1172.267699
1405.846039
778.436288
861.893153
1114.163597
963.410638
1144.640567
1037.767410
986.661879
996.080942
783.664762
1212.135550
1116.609207
846.315290
1138.356608
373.336267
589.732482
1152.589232
1248.331609
634.022549
520.043415
959.664354
1227.238281
926.508199
834.133621
1142.737596
702.871506
710.144232
1484.956383
883.571477
1130.532976
1089.300800
1315.797330
858.101303
1167.426405
1118.462073
941.357344
933.305409
686.760114
1221.687134
776.642591
1029.889702
928.193224
1147.939391
933.659922
1382.446433
1108.196292
1006.817096
1185.843495
1145.589158
1022.689136
1157.711983
1027.597465
685.911841
865.219790
1069.257637
920.841715
1003.504675
1069.000471
1259.216098
1222.872830
875.289937
722.283388
889.499089
1400.470474
825.235288
917.554217
688.687672
