1097.449344
1205.464780
1019.114876
781.983555
771.471957
1373.806012
937.256871
1075.638682
1201.291932
1332.108049
801.953493
439.843876
769.365509
1058.248689
905.021640
644.017871
801.215281
918.309643
1024.004699
1227.699057
949.960784
1038.843855
959.999545
1346.051796
1404.751401
981.747955
767.665011
1085.666334
1132.858273
1137.487723
976.671032
1156.789499
1277.953249
1070.532706
1285.838433
907.850953
862.624769
953.043780
1643.218095
1037.515680
741.894547
1227.254034
473.800423
968.544532
710.466294
1180.609474
741.972416
504.043473
1207.933046
1084.394228
1123.716926
1041.673337
1431.388445
984.053407
718.401972
598.739785
1308.944756
1447.577319
1323.001222
980.379819
1126.921041
1267.082617
903.393241
1308.161077
1118.320936
654.241726
1092.425236
755.270606
1265.954872
1051.428804
1035.343641
1111.342807
985.967434
1168.510447
912.806435
1411.883426
1094.803865
1541.318660
1433.858595
1368.750198
1207.466410
1284.312146
956.555508
1174.468617
986.635715
1502.093837
939.236557
1036.013197
812.293439
1469.082885
1365.686762
1386.750246
1340.118200
945.359049
1037.821997
846.075927
633.471548
1050.259252
1191.422010
1085.929278
1152.035268
965.202910
1071.459501
1105.590992
997.094716
708.334790
1177.397265
738.755001
1032.938254
866.596200
748.089975
838.234016
657.644513
1009.190091
926.491988
1026.657053
941.470070
725.279377
1087.162118
1010.129636
856.247283
780.162719
695.511162
501.615382
777.745223
370.885583
1211.243755
788.793088
837.107288
1258.103270
705.688855
831.412936
1432.979630
1317.407218
936.160134
373.942862
827.492343
682.698361
980.264548
1267.824958
989.327501
1610.225967
1387.856840
604.529998
1056.707980
804.785273
874.210215
940.409089
1086.409608
1139.474950
1083.443368
1397.233522
739.641300
902.817014
838.721239
1161.802620
1279.772350
588.796374
1230.470092
914.820514
1010.948255
871.527907
745.521578
1369.243658
955.925988
879.871519
718.103868
715.524115
1227.101257
1341.647643
813.032013
549.881609
783.286747
1253.096893
1127.391482
1263.617276
688.206913
1278.557624
1256.737905
1152.003771
1612.115358
1168.720207
1161.898217
797.371436
1502.594443
858.959469
820.387962
1021.126468
686.428755
1016.947633
1153.439046
1712.291939
744.755172
762.247667
1082.381925
781.990064
816.414662
1263.431110
1271.713670
735.170513
1023.197835
969.849626
1020.267819
993.919921
1197.629385
793.005321
672.965401
1018.039851
765.775680
1183.810119
618.284750
1172.096675
1086.249147
1127.990572
1610.536914
1411.067266
1240.603596
666.167564
1358.537727
526.652089
1044.798898
1172.943530
1193.021072
1208.145876
842.658463
997.581114
954.862236
708.973180
1084.691221
886.693025
857.167436
587.207379
849.218309
1077.344400
987.770429
1292.424077
563.636898
865.623537
1311.567258
1206.141777
1541.934552
889.072189
963.306293
1143.226238
1269.468230
1243.455619
1201.597526
810.223775
1264.666318
219.446679
1182.914787
830.480803
927.200102
1194.106651
864.096636
945.729552
992.655469
971.521078
1017.928364
988.255593
1246.606114
875.231430
993.151056
1059.574114
1907.857070
989.903807
942.190832
965.336744
526.410237
826.147807
1020.227334
963.456380
1032.778047
1282.262269
1124.706414
1202.641376
893.028764
1022.841106
753.648223
875.897962
1033.238583
1175.636020
261.912402
1134.478728
905.631707
681.266279
1195.409292
1120.428121
1094.735320
1204.769362
1244.577755
1026.719134
1216.987373
966.163115
1737.304058
843.840212
712.727760
1275.621542
953.881032
906.763177
1479.131192
997.619024
1042.743378
1064.146911
994.039970
1283.902264
1251.802517
1275.620949
702.812260
729.902108
1196.964856
1417.492254
694.016243
939.854173
971.621869
1170.969613
1045.969603
1067.315823
866.917528
1046.586136
856.401563
719.442087
624.475834
1059.478998
1066.628726
1011.725341
1373.175462
429.011208
1101.851385
1294.830886
982.612776
1011.863165
769.684921
694.374209
734.501531
999.395131
1230.171163
875.915284
804.374501
1210.739709
476.221870
1596.572405
1064.625642
1094.340641
1340.768144
1091.406202
793.153053
1231.292081
1195.509014
1247.371243
1585.378659
1252.955786
472.152177
1335.736045
1272.016878
1134.944982
894.808962
833.886302
1129.040724
968.966825
1385.327850
1210.755317
1109.822655
1165.502575
852.321392
1236.083091
1233.912732
976.624821
1338.064727
1425.079349
1279.425930
852.401090
692.366559
818.870623
447.900191
920.103815
1266.827464
1145.829838
847.307252
1271.352705
895.842179
1409.065709
859.823351
960.273267
1183.637171
1201.269267
1097.623004
1440.117778
1194.277298
833.446537
1246.092944
1179.166285
685.630959
1231.519621
1643.048385
1056.238291
883.699040
932.100260
1064.164343
915.796727
865.433825
878.877337
814.045432
530.642644
1080.385516
1177.807728
1086.760123
750.977503
800.405427
947.769311
1121.349042
1155.189553
1538.519837
713.047533
1408.130455
1093.924116
1350.232109
865.395722
974.368676
565.674182
665.484482
1008.084501
684.900559
1154.742175
801.689367
858.301765
1104.346167
1215.036812
907.451585
779.182419
906.942970
1120.603551
723.273276
1253.937796
1070.897277
987.900643
1272.572645
1106.590106
1169.434368
1217.293246
1093.691880
893.663832
1458.119649
1033.827913
1026.240747
1015.248661
1065.857643
1350.777494
1013.499873
1142.846701
1030.578050
923.627874
949.232756
1313.530542
839.811627
1035.907885
824.145349
1104.243528
1167.876175
1074.009396
1549.353317
1070.048155
1565.153491
491.722085
1238.569659
1088.670085
982.771205
749.492836
1233.046358
1013.824016
913.292644
1181.076884
1345.709556
982.963041
841.544654
762.873505
1083.451736
1282.323760
1503.044452
1122.350990
1029.687158
726.244071
1094.318317
1315.782409
1201.369978
1010.406317
868.547658
702.267839
977.906439
1056.414048
1100.053672
946.290590
1283.034391
1139.964460
1266.230472
1301.866233
731.308945
730.199426
582.341648
617.794341
721.266445
932.574832
1019.347365
623.702202
992.046165
1131.190950
551.568090
1190.453775
846.869157
1396.208923
1395.383104
1044.420387
1067.530315
675.143715
965.842859
877.303774
1126.682267
1591.979099
988.405532
1091.988977
759.474521
556.985084
1014.983807
565.585258
1425.387559
1145.336586
1114.457013
769.103386
1161.217054
1279.880913
752.360259
863.332197
702.624552
1379.462403
1109.278122
1242.041222
796.898939
1161.451901
1141.349291
701.962813
912.741459
824.064907
1274.909240
871.153380
960.743408
968.461938
1003.467757
514.467549
1164.497341
1085.615455
1291.252506
994.834039
1013.471818
1302.918357
764.668149
1025.894520
1124.067516
921.372574
959.570122
1086.665811
456.586984
1217.924515
1010.661642
936.296411
969.786095
1119.267692
920.113881
779.251200
1044.162924
534.163905
1285.094018
722.461414
1044.010421
1018.946939
708.743934
695.795417
948.667478
957.764206
1354.023355
1230.569173
925.894480
1312.413625
550.499288
1029.443531
1030.774982
1322.662785
1175.365237
827.167436
1136.821903
1413.269404
1239.280133
743.062910
1149.956134
851.216106
889.137022
1064.844257
477.453997
1323.982291
835.308858
639.022795
1197.655042
1042.694589
1530.030585
769.926837
1103.288513
835.776528
1277.698405
572.642049
1084.659370
1287.416745
1079.095559
963.672874
681.629332
832.422649
1114.506659
1500.110403
756.236221
1350.880515
722.900675
1036.325766
1257.548665
1448.197192
1085.740319
699.034658
931.503514
934.290852
894.162561
1263.488834
1053.873712
841.747404
1126.956300
1212.936227
918.360091
1324.777588
1246.079382
1000.935692
907.158526
1039.269979
1576.864725
849.272306
1305.226897
814.484545
1258.155488
1227.892630
827.610865
838.547852
1113.946976
1100.328273
1332.565631
1544.998624
937.585897
734.332811
549.111022
673.456238
1077.911833
1271.473303
1534.594288
559.912740
729.537262
461.881065
1292.505680
1059.839377
1135.368820
585.801964
1017.392053
902.156790
974.721360
1228.382547
1302.843402
1119.630098
1144.230364
1267.417589
1015.714146
940.284324
1017.631802
1187.697883
955.441595
653.548739
691.357502
1047.414213
1123.822180
720.580158
779.460261
1277.366401
862.512869
1255.631126
1153.057462
1154.143356
1378.155251
1202.838588
702.602131
977.466348
794.719766
885.186675
1110.006268
1140.202815
1128.592375
848.289700
1315.879511
1060.614388
967.131008
976.261216
939.577820
1484.211171
1068.952159
830.866057
1122.976501
1112.916291
1393.123224
978.137401
722.000474
1083.148420
758.500850
1522.704157
1011.772509
442.273907
682.907995
1381.085883
1239.670684
798.323020
703.809623
695.537195
942.588878
1029.911224
992.003444
788.197323
1073.542038
1106.392515
839.309239
1259.810472
1186.751244
739.312038
883.407890
1299.716585
886.483787
1359.967025
780.779182
1099.559757
936.622385
791.006952
1096.787594
1457.623414
1074.147008
1024.714615
891.970664
1065.168689
1106.243874
1006.719335
941.062713
1033.680964
898.718672
578.803988
1384.513632
857.399645
818.842974
1232.473449
1364.241766
850.260583
1025.713596
1412.935050
1044.495703
1526.347678
862.191988
1465.320243
878.050013
919.147428
1748.465751
1123.990880
864.614025
886.655327
971.532601
1435.767647
1006.165312
1431.353768
875.343720
894.707519
1732.195376
837.211660
1211.787527
809.566042
965.193106
1524.581648
763.418741
1102.853993
578.899576
1514.065664
914.356325
1120.375272
815.627091
1206.910377
1130.749322
895.800104
1123.976900
1015.985669
805.711293
704.926056
1052.796178
1092.322977
1344.690856
958.491947
1012.333847
731.793437
1143.544693
827.347805
942.292756
944.284069
1256.792346
1297.553188
735.368051
708.147392
815.538025
832.261550
840.040595
474.441624
968.157366
1351.181907
1184.288223
807.475975
790.916874
1084.937158
1001.630786
1279.168746
1396.329418
907.470172
1071.961283
1359.607000
740.147681
727.901349
1056.352617
1161.419388
839.923531
1138.717626
1577.399583
951.198074
1214.024168
1001.512079
1106.436974
794.109236
902.737414
1253.277807
1287.197863
598.468958
492.765938
735.039765
953.543834
986.443974
849.872742
1267.162750
704.079132
1102.319182
838.643788
1084.916995
838.339075
1250.002072
745.607207
754.513845
995.322269
1040.793328
807.520273
925.881362
1152.557981
1331.640475
1029.168848
1209.946267
631.152007
1000.033789
777.877225
1154.635770
1005.900076
589.527846
1002.577592
989.281872
1142.120136
1194.622702
1206.964163
1127.705526
892.957280
543.001537
860.972319
1212.949377
943.433508
1106.796253
1087.988048
1117.147325
1170.223804
1026.885725
526.276838
1082.462651
876.451033
817.148938
903.058997
1550.943648
785.914581
1210.397406
1079.652471
916.817568
978.822673
305.471277
1219.049598
355.365503
817.984823
999.048385
1062.855253
1138.754107
983.932077
1185.753238
726.819184
1122.698997
909.588428
1557.137270
898.442026
872.827110
770.278081
1359.201352
1281.104308
1232.318252
802.342116
666.747850
888.708665
1069.775332
905.401934
1145.942986
1077.175569
1150.178074
526.930338
1174.027613
1297.415857
1188.684065
1060.804842
1240.285720
1137.002223
745.683943
968.425793
665.218289
1110.132134
817.096911
928.349287
1073.620329
589.260089
1024.322962
1032.680978
865.797580
1164.835706
863.724552
1075.074071
1154.707650
1053.894541
1164.286518
1538.905837
1131.851653
870.268060
1387.274593
1362.613491
1315.607457
591.517676
1017.594609
1156.447264
403.347182
959.694617
1170.725543
854.072398
1235.788779
879.959260
718.873913
1069.269619
1704.747102
926.619760
1095.955341
932.303449
1026.794747
1142.374885
1137.906454
1353.517750
791.103002
1109.907236
1243.731868
1127.058922
1514.954440
889.607211
1546.386930
1063.094537
1629.000711
1322.923121
657.438707
980.941654
763.895780
1043.373516
1095.592318
955.317929
1132.772838
984.615858
395.502787
1126.378214
1181.131402
954.469863
794.587544
881.515558
1255.748057
602.954157
825.294825
