703.161076
1018.836614
415.030052
1197.129654
1053.717386
1414.623633
1054.002184
813.553245
1021.824285
1040.212181
1071.277041
1587.122180
855.913039
661.146228
1181.448551
458.981713
1063.451046
983.746498
1110.013125
1447.031651
1115.734202
1211.184503
851.858393
942.965278
1289.232755
823.755089
1216.771388
942.530745
813.262098
971.955927
647.802441
596.136761
1475.933462
704.666331
948.487712
1031.052936
956.870599
741.871981
979.191152
1121.385315
838.463641
1151.945015
1499.505244
756.187914
852.895248
923.930744
907.321427
1258.313113
566.309645
1120.026380
1163.410144
1590.814446
1173.866325
925.045546
1129.190770
958.710225
543.556866
1059.867941
1011.348176
974.780107
1154.629257
770.690103
831.797892
1682.155971
906.511003
1100.946935
1042.963380
898.261027
1093.532605
1252.700102
1189.407451
986.963787
957.361774
778.497967
926.472737
1025.440177
1020.756594
1105.806947
659.758397
1350.639807
735.144903
822.620743
1211.724369
1029.631438
1089.722356
654.972971
783.603548
968.034465
985.614172
1118.424102
988.620943
1214.136777
996.404516
1203.464307
549.554136
602.743595
734.253737
1168.292592
1148.273681
890.313435
1109.869451
1042.192398
1221.282412
1112.694393
1174.837783
992.547220
1000.984658
539.417399
1128.146623
1174.426104
975.181808
1214.238101
1525.331457
858.240874
1263.170092
907.245656
1257.165934
839.892355
866.033456
1148.642853
639.290182
845.861903
922.028291
1070.795206
1191.814796
1154.308930
1203.647004
1082.500280
756.256006
1388.580705
1296.444968
660.882565
838.692141
1250.750051
1538.813424
964.003449
966.617614
843.836578
1259.295082
1148.283754
1295.166966
947.950722
707.747632
813.723608
1040.150547
1319.130634
1320.657517
701.785307
573.892067
975.350695
1134.868869
931.049409
804.917136
637.205612
935.856346
1380.681019
560.370192
660.127606
594.965249
885.107384
1438.516895
1231.376006
886.059122
812.128889
1191.303966
704.905930
1048.680375
289.055178
893.424596
1102.619502
777.358296
1069.349957
1303.031678
1371.197123
545.986956
525.856732
785.615812
1151.175040
1216.270443
609.085460
841.529282
766.958326
505.982550
931.599948
935.036384
742.671372
1073.267759
1238.424990
697.145792
984.152119
783.226763
1357.805045
992.542584
356.547262
965.339441
1108.528515
1298.883250
1172.783017
709.961758
831.227562
1368.669167
1023.669466
1022.127701
649.287533
620.817195
1439.655605
978.212939
892.471512
968.444467
1434.615963
915.994599
887.480220
1030.122233
982.636547
1422.714885
1283.458229
698.447986
675.968258
774.119609
695.948194
540.349715
1057.697404
1168.663145
1076.382962
1142.752611
923.090683
763.911074
963.004680
1044.834833
1434.110464
854.309305
1313.507323
1021.216465
1227.592709
1070.114040
1390.013473
1087.143192
1129.914745
1078.288711
1216.892188
1179.815879
901.707466
985.958118
1203.442874
1524.603922
884.382638
1081.100232
1443.792487
1343.809849
938.425730
1402.773068
823.105666
1073.043967
1096.341912
1258.330661
981.372106
1188.975185
1300.028851
1334.828296
1053.990671
996.906581
520.652722
1603.938064
1193.346043
1085.438403
1083.763146
804.807345
1082.783903
1194.446894
703.932568
1154.729056
853.565009
1146.942008
1005.238640
725.483730
865.094760
1260.551885
1449.807926
1080.326163
781.430163
1043.147648
1303.926496
713.725280
1029.566680
1161.152258
1079.310978
827.983819
968.052060
893.506783
1061.705384
1381.803967
1067.966825
522.656152
1261.064000
830.394676
1338.439314
922.821324
1096.037720
904.072238
1463.140190
1274.212840
906.443268
1063.333204
1297.251750
994.452917
1315.822129
1355.874484
805.681485
1252.384873
999.008865
721.903002
1322.390703
1101.348300
1066.662384
1082.731058
1043.368418
919.366046
804.202480
801.122891
661.308932
1212.540521
1058.139535
706.720263
813.871920
1053.974866
1141.088326
957.648553
1657.328055
1184.490628
980.587636
985.211261
1086.686303
934.805493
785.181573
1064.927195
910.198569
1034.368981
1086.506738
840.381234
935.431420
739.974112
774.162913
702.719335
749.827529
1031.366378
1169.424686
1426.222372
1120.860578
773.050086
863.275398
1578.176472
1200.021171
1010.543613
1393.783725
741.637654
1445.920565
938.699525
1005.927872
1425.420617
901.441886
1059.828303
972.070189
467.296238
752.067475
1109.044772
660.819241
915.623842
986.204265
799.129227
1065.475074
1481.952490
1047.251084
820.678014
1028.544635
1351.988026
1298.620350
1344.491170
905.837617
845.341610
1094.858551
917.095332
1129.910484
1000.548457
1072.859149
1055.341972
898.976990
1699.397157
1064.470076
1205.377042
1156.440028
1305.509742
785.129392
1200.581687
976.522725
1314.225188
1181.047722
589.630988
889.549284
1322.969120
1400.787261
1056.901592
844.453771
1103.463969
1089.872342
1023.391915
987.876880
1095.185597
1278.161071
1090.489564
875.491017
779.776836
958.622798
921.580453
790.307825
827.246730
1125.817868
1248.163403
1185.233911
993.859641
1176.113886
1264.118870
1301.128253
958.789742
1242.878212
1068.992548
1075.932102
1278.922170
1158.465448
749.750344
1125.549342
997.487457
1010.419236
915.007281
1250.637528
644.443431
989.251426
1140.752389
1293.508985
927.192741
868.213353
1024.777119
887.036530
812.741420
1016.102079
818.007368
1037.127260
1341.528749
1383.298950
1196.282934
1073.109147
1408.990665
1153.978486
729.437144
396.623165
696.401783
797.925640
1549.758582
1029.997855
1118.550493
877.547914
784.622925
1298.639450
681.606454
677.901242
961.550946
827.699189
1129.671568
1208.313159
910.806603
1013.311092
1059.462095
752.089066
772.984284
878.155264
1054.098833
773.572824
492.890995
1003.164130
587.328669
1068.712082
918.532698
1120.799508
824.680385
989.811637
634.663032
839.680998
995.741040
836.101171
1042.664616
1062.780871
842.396052
888.015592
1281.687325
801.442111
943.969826
1068.630839
1003.208358
1176.928667
924.759516
1212.294073
909.377857
667.268481
1264.121210
1011.678004
1345.707992
1223.155479
1075.958322
874.284625
1724.513923
542.535982
806.457060
913.636361
779.809077
711.612763
1163.936167
1101.607921
1142.635243
1008.424667
1169.768273
844.591540
1002.825784
1418.123740
700.360559
1111.221705
1131.735266
1131.135688
780.059832
1050.408546
788.083866
1277.925547
633.057131
1053.794781
980.466681
921.691805
1126.864178
830.339815
1333.310429
1374.962199
1049.089521
1042.378497
1227.115513
900.527741
989.588889
1358.477580
1146.571951
1434.510544
1011.506432
901.083655
835.019674
418.417611
1086.470355
531.887385
647.563868
997.608197
964.320800
877.072118
657.470046
1220.792018
985.291717
778.797676
1118.824293
1106.055209
1363.615915
1185.216805
1153.079132
1035.800284
957.492813
1189.971695
1195.146239
1063.382423
888.649326
936.228754
753.540619
1136.790954
1119.400068
1133.252156
1188.248935
1105.674954
809.195720
1427.922436
889.248152
1419.405955
892.064538
1467.377353
892.962002
870.479656
1416.823936
1233.155694
673.654028
944.573105
1116.484994
1143.631270
1227.528553
805.053184
1045.733451
1477.061077
552.174191
637.727127
814.594915
794.742623
1009.075173
1253.768103
928.433302
1260.476807
971.626539
1032.314908
318.203600
917.008785
970.316494
736.698654
1024.981617
985.824794
1212.531350
651.196550
728.759340
626.249231
742.891741
1007.733909
1350.793776
1387.090757
1433.111861
1484.153045
1371.854919
841.970197
935.986946
1323.934381
830.040894
847.250532
823.303408
973.514909
924.724788
1243.590747
602.865117
477.958982
451.179687
1193.852270
1325.989414
859.256762
794.795555
1067.405536
799.751391
1339.122493
1143.769011
1431.034896
867.339387
921.797553
609.652039
815.963623
1006.615872
1202.679680
1316.736792
839.391395
932.727787
814.729295
1095.184052
752.956257
800.522218
852.538804
1077.048296
1064.103372
1583.719316
1236.268860
1030.751807
761.926579
593.297019
962.265202
783.584259
1017.887207
1092.119806
883.881327
1108.836711
758.675864
891.277262
854.607325
908.984945
671.233066
519.769754
848.909583
838.269706
786.314145
1425.303925
717.246581
890.541263
676.242519
1306.920598
1354.775184
1184.628044
759.809565
777.285271
1006.463288
1315.550521
645.829153
1050.436767
1701.913027
860.663218
794.698889
1333.901944
796.706217
1058.474368
1397.737298
790.404603
954.692718
979.749200
1070.320860
950.379552
920.937106
729.500056
859.036409
621.882046
1114.521043
787.637650
723.371517
1124.903300
934.548091
1399.889981
1370.857732
645.778299
1110.322305
839.025213
634.719341
803.373046
1752.565849
1410.805347
1309.927608
1472.092871
925.233075
890.149632
541.564786
934.370577
713.523931
1054.027460
888.778342
852.663840
807.421353
598.427434
1032.178913
1434.392651
1406.453732
610.605989
702.161163
1069.187275
902.488968
1226.641983
1098.473754
825.889702
687.993098
995.721942
990.185356
533.467674
834.790137
1231.889197
1401.737988
1052.125068
1266.799818
1391.038522
821.515273
1294.530582
1414.283115
705.133858
1070.470424
831.303018
837.512262
1137.679703
832.024246
1329.844796
990.130635
1134.114624
1200.442414
725.579504
916.960329
1158.833421
832.843242
646.018584
1128.298920
565.438225
933.744019
943.982348
1085.062434
796.411422
904.213746
1258.394879
1303.174873
1019.567246
1378.701724
1148.558616
790.006483
1478.970723
1130.348503
1170.273146
1264.685005
1032.453501
1409.630605
613.381816
1004.489235
1275.455673
1124.400575
939.171358
1094.180165
1460.466119
1032.249592
973.499689
650.344929
802.643194
1050.106825
1302.221975
842.158214
1274.484926
1534.533429
1083.443019
730.162614
897.454948
1075.115971
1318.882909
1228.960022
1120.720803
1586.046416
1281.554833
569.119792
969.096118
1178.528960
931.612097
961.929035
765.498791
771.207800
717.130278
969.319361
1341.186824
886.025608
526.267978
1019.527787
846.264609
1334.315083
1160.379138
1087.486861
984.614551
1072.375318
696.399242
1233.834028
708.175687
779.091040
1812.120484
1142.295333
1420.386560
704.760210
1198.094815
862.091291
1374.528375
1557.066649
1439.918084
1271.596270
1266.254544
1155.564365
859.678753
1386.571092
913.753182
1032.989432
1148.675645
1313.237554
1306.353084
1550.051985
1007.182642
1295.249016
618.286868
1387.869222
542.757435
903.197141
859.243670
1103.423272
1113.110831
1279.617525
1108.155542
1251.915290
771.867116
1061.924578
854.014202
906.333212
1037.740189
1177.623500
886.089384
871.844076
1475.049803
1155.499993
846.228421
1303.670994
843.163714
625.879541
1232.078134
883.109704
967.650485
1188.959570
782.154362
1028.781343
716.890231
683.012868
1674.478534
1113.878499
1329.613055
665.008007
1009.946360
979.106149
1205.192435
1057.281420
1572.492211
832.130919
688.828911
847.870441
1141.437435
1071.175512
637.382328
942.382207
823.393983
1077.791347
1775.030522
1006.997115
757.145183
1179.423286
980.681064
654.733712
1595.076470
1529.127553
1233.651791
1075.131782
800.693759
1250.245558
1015.778043
1193.916662
1058.066035
932.412757
791.007542
515.737878
1040.616885
600.130267
1042.672089
1304.591946
1054.934764
676.663736
1275.764379
1567.173242
788.130683
1150.814356
1448.046217
648.197119
1387.143365
775.492195
983.396822
996.854711
946.915472
1905.177227
1522.459350
900.112784
891.499858
1050.310022
1347.975770
776.751358
940.251410
1329.774719
1009.584646
865.371802
1075.136868
685.929744
816.086337
884.331689
623.691850
871.938725
463.645630
402.233638
454.559418
922.487074
1283.693924
970.142943
855.015391
1083.963906
566.206149
611.873704
896.413550
919.920288
705.634600
1158.292788
321.982760
1177.358783
1406.140468
727.899925
1262.201295
875.188068
1125.882592
1219.711999
1525.805803
845.529540
1335.057988
828.944561
1086.663073
821.443716
842.047525
897.602566
920.816355
714.671123
835.164119
754.508778
914.568997
1058.547209
