588
1716
1000
1394
861
1723
405
1656
297
19
893
242
14
624
903
1403
1374
1516
1319
1068
484
1350
969
1134
1451
1537
766
705
1412
1663
788
641
981
1004
351
390
1180
755
141
566
1943
70
155
1948
1504
957
902
1403
600
1430
1324
1422
1974
894
1015
1965
1411
325
35
677
275
1996
1848
1837
762
1800
1799
780
1956
1330
1573
1280
644
9
1473
1746
492
941
735
1911
1098
1357
1764
919
492
1583
713
620
330
610
1109
170
32
1305
1665
924
1693
1136
1858
1173
223
780
979
506
861
1872
933
697
766
737
1852
1946
546
1692
255
398
188
1930
967
984
1125
1039
354
611
708
781
1194
1994
855
759
917
52
821
869
334
962
1320
1379
158
679
695
465
792
735
1757
183
176
155
1494
1845
54
411
275
935
1543
1687
1560
959
803
1522
1366
603
716
556
156
1666
653
1561
8
1974
1845
1451
693
1287
602
1717
785
1501
414
267
745
1177
203
831
501
1401
1627
1489
330
335
678
5
338
1398
894
505
1966
87
1436
1379
1950
542
1985
177
215
1762
1728
1832
1570
182
1476
1971
106
923
772
64
536
418
1389
1704
1830
1239
1970
876
1241
816
1357
932
113
643
849
320
1790
1013
1670
1976
1076
133
1574
1831
1376
1790
1960
342
1252
760
724
1188
550
917
1050
1845
1660
674
137
735
21
1362
938
1891
1605
1849
50
715
591
1925
895
965
1053
1690
1376
664
144
1388
907
1271
1535
23
1466
1349
1347
1949
894
707
1227
1493
86
736
11
992
185
1458
447
249
1925
1255
202
6
1236
265
1855
458
1394
1003
774
1851
159
457
132
917
1187
1813
1476
1215
1419
1543
102
1319
1436
1165
1936
1723
1747
302
567
1465
1237
252
362
983
1660
1671
282
203
541
233
1656
1259
1468
1578
1565
877
1602
1361
1909
12
723
233
148
1749
722
1699
731
64
1239
294
1862
91
1225
231
1758
1082
1404
765
1355
1648
1602
484
955
268
867
266
759
44
75
1161
876
658
973
534
1150
419
216
1364
1154
1796
769
1137
788
1468
244
965
178
1139
917
1973
1788
1554
1634
566
537
441
1699
1058
257
722
220
1157
393
939
867
766
104
381
780
987
1227
1690
553
1308
1504
1179
1959
1932
117
1437
904
1415
939
1453
527
553
1258
413
1333
1120
1449
1961
59
1135
726
1535
1211
727
1736
1881
1513
860
635
1126
957
427
966
732
397
1081
1618
1512
1440
59
1040
708
277
560
201
152
1168
465
319
1745
1065
1505
1526
1934
1091
374
1293
118
505
270
1888
86
1418
1497
1364
414
88
561
330
949
1945
1282
1560
111
1331
1743
1332
513
441
1208
748
1968
1652
569
1281
20
292
876
1598
1398
666
1701
1107
441
885
1134
1867
548
944
1008
97
1339
1401
523
422
1101
18
1464
1800
663
1658
1333
786
1251
1018
1951
1435
1050
48
108
1046
1538
475
1322
855
176
623
710
1369
1580
554
1516
1768
1632
1198
1563
1807
624
1908
1284
91
1090
98
1605
1474
1700
134
254
941
1544
237
1381
151
486
800
1898
472
1934
896
1120
1697
1748
537
903
1891
1433
1634
1682
1963
856
1351
1700
1378
626
183
2000
522
8
570
351
841
1754
644
1856
476
1785
894
1679
764
1945
852
1979
1180
1598
197
800
1557
1854
1353
870
781
856
141
1726
1302
198
1141
1240
612
764
1651
68
1538
1336
918
302
1060
858
637
1404
1110
648
811
435
1576
1005
1028
1701
1269
1527
1931
1075
359
92
1371
1895
1333
474
1918
1085
1398
606
1413
1283
252
1096
621
1509
748
1150
1674
143
67
1140
1628
1371
1172
1222
1510
150
373
1649
1714
1497
303
354
179
1058
994
256
897
1450
434
1427
1236
749
75
156
1410
472
1135
1989
757
482
401
1799
706
763
789
5
1972
1016
1926
1705
1780
253
1446
1268
117
436
149
1799
1842
669
552
677
964
50
357
1455
101
851
395
746
1908
1957
1147
296
907
524
71
1294
1673
1533
823
1003
127
291
1360
1044
304
687
1524
605
476
1529
1990
449
218
1732
1930
626
815
1014
1192
27
283
1810
589
86
430
1460
181
716
1524
588
519
613
1081
1538
1348
1266
1070
122
1790
112
705
761
1744
1870
1284
933
1819
1687
223
318
1950
1413
1214
1372
622
987
1873
922
871
1706
430
1198
150
1800
707
168
736
174
1446
504
1554
405
1687
566
1028
322
219
1431
1643
1872
1320
67
806
847
673
1275
753
170
185
192
1441
1630
159
256
1776
1983
213
1951
1605
1365
56
1404
1188
1130
832
1101
1367
695
112
1039
1641
887
93
525
830
1338
1766
1867
1411
146
1832
2000
1035
1350
585
1066
1474
447
1043
43
1653
792
595
1668
677
1909
414
300
1010
753
1680
885
207
754
1351
754
1087
1371
1342
602
1288
1760
1487
1800
1880
1562
1925
1988
29
1523
754
772
604
487
10
552
1459
410
1719
795
1653
299
993
39
860
1382
1616
500
1060
1740
1748
1533
1611
906
1871
1134
562
1940
1393
1600
287
1263
331
991
74
1588
1887
1261
1864
949
494
1206
1281
1343
649
1821
388
2
329
1227
1224
657
1939
1786
113
1138
698
168
835
592
1098
964
826
1890
1619
1142
1200
1248
978
453
275
690
636
92
532
1340
1628
370
1578
1870
712
1068
1784
591
46
1760
1570
1938
64
1615
973
96
1899
499
