1666.436062
986.900334
316.907083
107.335787
80.572325
42.069670
603.935905
613.758969
1791.995504
320.439770
1510.216727
95.524495
1468.195836
1496.412698
1974.208452
305.459634
1613.070465
1622.299102
806.007637
532.347729
829.276724
1810.898384
180.138865
293.902148
1269.404432
738.290969
1848.322351
1478.760691
1148.938920
1061.435579
1656.774426
522.773174
1828.731096
44.523903
1872.231780
1525.524639
1503.604158
902.089327
185.322593
1459.819579
646.671994
1238.200960
39.529893
1895.919539
1844.687432
356.661630
596.014648
1414.188745
1345.229772
1771.786249
493.483226
1306.574484
1767.356239
1.313742
1276.055060
571.399661
1503.097670
385.536178
133.535343
636.512360
400.233539
1275.085837
273.666812
1004.108739
1682.578085
421.869492
1092.545531
783.738113
61.460189
663.394324
431.396091
1286.096575
1423.137244
1817.664575
1955.516465
1991.224901
443.915077
1797.705265
332.390927
474.303846
797.741974
1541.363393
1838.539163
970.705258
1989.271801
1601.167173
1463.673365
1449.249735
910.289042
66.927483
598.205698
258.167317
374.102772
1875.289165
937.003920
1287.890884
1595.082165
1141.945223
1459.363225
972.722523
1910.439145
1997.716791
1607.112545
1437.539526
1997.809208
1161.355068
1843.625664
502.542905
1648.606304
1172.156602
1476.011606
922.054543
1907.699454
1928.720867
1412.612943
847.740240
283.214589
1553.597180
1554.797089
1731.667711
1883.221302
319.416233
299.634544
1661.777272
647.618211
1149.269805
625.607341
1027.587069
480.870317
1215.425448
1059.506167
1213.142601
672.688937
723.969064
1020.053303
1796.870253
291.341512
211.785584
446.316687
182.562966
1055.772217
425.643915
561.284996
1420.935955
802.591969
1096.219985
571.292238
1696.643518
937.605409
1402.116833
351.606424
1590.174592
619.372589
188.108844
312.342720
1355.089198
1562.144342
1278.959308
1407.087510
1934.778943
1281.686842
1271.760882
363.135757
1460.675902
1045.880383
90.592561
536.164561
1010.782742
1908.546165
167.395538
9.807050
95.096532
272.416185
1973.825078
1858.086920
1673.870947
8.003960
1774.557510
1093.076346
1709.139752
1066.805512
1954.237504
485.725759
861.836067
1309.772533
1543.969486
1661.146005
32.911522
605.953988
548.678191
1432.354963
817.858290
1805.284973
1787.545630
1493.407861
1446.915751
1663.034209
1782.943086
100.453910
358.860688
1573.586400
1681.624944
394.433790
1749.709733
1267.489996
546.354491
358.929474
730.667183
1651.349768
1304.545710
1652.755202
937.672131
524.512846
1082.397898
147.464899
867.560451
1567.505260
1424.901412
1483.027240
892.830541
494.906644
1241.960608
1258.937668
735.394299
1139.984087
482.552794
1506.806268
746.945680
1381.050786
117.556455
1944.345346
145.229975
1286.190234
998.265725
1430.042109
1925.727318
1075.030447
260.725644
1392.890948
1214.159895
1778.356339
971.994118
1662.138939
729.151573
166.491545
808.391421
616.605362
1655.320774
79.240303
1642.779245
1187.774421
96.689291
1054.909082
1910.946059
522.419666
1884.325388
884.799599
1450.865131
74.250558
1738.120702
393.633535
293.825693
1983.425218
1288.632959
74.143551
1938.659826
540.687976
1073.809646
1731.720613
773.337304
1167.068124
1910.959810
753.526308
37.662083
488.636710
1810.182928
149.475032
668.856478
279.831905
672.831253
1116.872747
1855.267176
259.428223
1576.137553
580.853427
472.543853
1202.531095
236.117942
1604.252600
1346.455625
385.696218
824.333799
694.163277
1823.190400
875.048626
1484.248817
1433.867784
256.844357
128.099923
1237.398422
544.284529
1551.072363
1099.210105
851.238878
1113.820287
527.565125
408.049191
698.756423
1059.208963
216.035050
1902.077235
1389.095474
1391.626386
1949.671899
1712.608857
1401.060727
592.640055
669.408395
1559.888058
1338.585292
42.996557
190.138149
435.877002
634.776790
1215.513865
546.522502
1183.695313
1504.119760
1571.806167
1746.246740
1035.959273
1262.508719
784.033358
1025.650845
1921.749025
178.867482
914.768236
1385.742835
1015.831289
802.478164
1182.504316
1477.033526
106.477158
1641.595844
1288.350670
1326.714427
429.376980
1333.905370
1347.559284
943.882924
961.306677
1948.318591
956.550582
1972.626866
1709.736973
1109.299539
509.345249
33.601002
200.046548
1049.329569
90.062301
1619.087290
798.084364
1298.906269
823.667644
1492.085281
1207.311671
623.255211
1475.334673
1538.855399
1665.687032
391.940164
1818.336822
1259.959121
1910.947524
547.029113
1702.297946
19.576053
364.723504
159.936592
584.298090
395.994965
2.370761
1050.384733
1832.211664
571.430566
23.524398
757.558356
1837.287436
1921.929311
1209.927132
603.312450
130.344383
979.050764
323.198477
1898.806916
397.842538
1069.533200
1821.492286
320.848926
390.906572
438.758298
1084.708041
993.037887
1521.774871
450.251481
347.639187
879.810604
1558.816386
1318.004702
1971.018593
666.490325
491.888908
497.876359
1178.970774
59.790557
587.897646
923.743813
314.272487
1804.697379
1906.851285
1666.546264
840.054548
1044.792768
1801.045915
506.695200
1471.225763
446.398361
1555.247558
1306.710048
47.771730
486.472348
1415.759632
1760.129814
485.778677
1751.218033
630.473079
847.030416
347.202474
1535.984424
1389.210922
1332.970971
1635.102599
102.374211
649.360113
440.421816
1057.464580
883.189347
374.357400
157.814080
893.238754
1358.732548
826.939373
508.040258
89.623182
235.819012
578.139382
834.596548
1266.180196
521.555054
1345.799057
1344.745172
1623.107563
400.817222
1090.055907
919.622678
1015.350818
723.200309
93.593090
991.068254
402.142037
1367.207776
1341.094071
229.052994
804.671736
68.864955
1177.306817
79.680910
1052.048093
1802.292923
1475.151443
458.295246
1606.205010
177.595005
1517.251552
388.836003
1620.700704
1927.737862
883.241525
1251.317305
595.948057
294.998664
1707.547728
296.656450
1583.962898
167.418838
401.414846
1139.324180
1385.499093
917.257978
1251.829529
1208.889511
1155.007101
1100.350644
30.277004
305.598463
1947.368308
977.144760
272.989258
1610.458794
1705.947946
1395.122691
742.071447
1418.816326
1159.984926
804.644798
1615.116843
33.776718
1154.305324
1299.588795
300.877065
555.825039
1609.422133
274.788146
1859.376682
1361.898005
55.761665
840.308547
1315.741721
1918.110724
998.930455
608.152100
1510.339067
152.704009
965.287576
889.287310
913.815784
1369.884369
349.583980
1581.958957
470.192767
1667.832291
465.314218
1633.068018
1889.180211
520.806351
756.345896
1449.476462
722.904649
1121.440448
663.616420
166.178260
1540.018012
1215.728604
157.647286
88.936460
688.082327
1569.674074
1894.169968
425.652634
707.815244
1386.800529
801.487879
530.774040
367.285497
1240.350077
177.736464
1895.746272
931.590419
258.167692
380.407672
1894.736680
1954.384665
960.061211
1005.770322
1622.808851
1377.364914
138.101838
1423.585798
1360.509683
710.235664
87.810615
1755.999140
1026.543592
934.158471
1440.429555
595.536669
1376.792319
509.509607
796.960561
402.148019
1467.757627
128.429499
779.589083
293.723082
258.839617
1678.437188
790.821982
1179.055183
1478.455546
18.364624
1993.231449
184.962548
1405.539654
1906.965318
1584.094937
387.602692
882.443699
1835.250841
1675.879721
1785.474060
659.531987
1484.104187
1002.070849
1414.750777
796.314830
1543.350686
1255.971625
860.103312
173.363074
356.178569
473.212647
448.962417
671.345813
139.081772
1901.344651
1070.549612
913.328311
1172.925484
405.615172
1769.189816
833.239281
443.599754
496.069499
796.069857
1424.094800
1919.304095
1065.926859
1179.723317
713.794625
1932.269200
1079.437922
374.147449
627.182369
1512.075680
1353.945985
339.174029
534.902565
1789.412124
879.568784
1492.549818
1018.795565
648.059463
569.396221
1814.288561
1186.846334
490.336400
391.869464
630.074454
144.347107
440.820241
1756.784233
228.603304
1242.724191
99.474750
1893.118402
742.986501
806.124802
502.541531
1625.514414
872.755779
929.373941
986.832699
1179.179056
1561.386586
537.343732
839.100367
999.866054
340.775077
1456.713405
415.195932
874.024429
262.574391
480.797266
1986.644032
1414.252906
424.586632
782.527813
1708.961057
62.483016
1862.055083
400.785978
564.934430
787.970486
1229.964505
1539.435966
1428.277935
261.255138
297.108101
1178.858628
173.954121
294.915539
310.457073
1647.018562
473.974137
1253.314091
172.927334
1028.701323
1217.127414
1678.444512
913.916151
1057.750086
1683.702932
1336.181333
1618.666743
1725.947729
1699.473365
522.842365
992.633061
714.849512
1670.740734
1371.513687
1746.530802
1812.191955
1931.184903
846.665388
209.175334
553.839667
225.280769
1372.885553
815.486046
1914.977316
309.746843
1704.185266
1754.760596
200.330891
1830.287014
207.838112
68.141118
1005.776195
1721.512602
1121.303799
365.943317
671.326726
1817.282849
1536.835246
1695.973525
1671.039086
388.911414
889.141972
470.128716
591.321531
497.969196
740.284797
1375.582097
159.309002
31.404449
1263.575254
718.300968
1708.368415
96.946312
1376.672711
498.247910
1426.621813
412.813071
805.286548
407.016532
1333.854102
485.884457
1530.074559
13.119936
1801.760011
514.501817
743.031187
1557.158809
1445.109637
1292.664867
1871.422166
1911.346652
1258.176320
1932.405007
1362.952380
1784.644143
704.107176
1034.308626
1506.074380
440.102213
1682.893507
1725.179263
777.878719
1532.636339
1089.950736
1151.013569
1947.049177
1610.521304
757.550731
1709.139960
1070.309972
883.702127
996.654510
337.357539
1989.155033
1637.638103
737.596075
164.238983
930.581408
1290.724364
1241.381213
1516.043709
78.623794
1276.106994
1444.244954
752.949522
338.620813
1232.006115
1869.780342
304.210435
607.786099
1355.962994
256.039022
585.841597
350.715560
610.414803
1558.600398
1685.884446
19.877781
1437.865328
1476.575395
402.661550
103.664537
346.867988
1911.266851
1915.969291
989.872634
297.363169
1467.783585
564.719164
1167.990682
1424.397568
1010.921286
239.056665
1020.365416
1045.546717
479.673800
1095.564885
1555.028864
1629.110032
1334.311004
169.048782
1808.875049
156.951049
381.277483
521.655491
1034.838143
410.667011
718.457869
347.412227
1063.299413
998.237835
961.289251
1655.445835
182.149896
110.295515
1848.728228
304.333511
677.325093
682.845148
1504.394498
192.323763
1187.489288
1301.464960
1848.588625
1956.019102
444.039404
1888.271022
1232.060822
790.231829
1255.352974
457.432118
1092.601023
1716.393906
1048.371220
1974.093316
369.356095
58.892662
1488.971836
853.648845
1638.138009
1143.524051
8.730012
1983.307379
1307.112240
810.421988
761.354146
1665.124570
933.642802
769.570637
1828.697711
1482.434773
930.235081
1467.003509
1446.969884
573.848430
680.557910
1043.795863
1038.064669
665.889410
387.315870
59.823853
1147.500509
874.056855
807.564906
718.378350
1009.929962
1568.866667
318.070423
1668.596036
1307.573514
567.054820
443.359423
454.819145
1154.378279
526.743140
585.950322
179.056944
101.055430
473.618564
1274.207968
1511.325642
742.058021
1193.154113
558.173628
1102.161283
476.680618
764.146485
619.965435
157.071784
411.469523
213.280822
1588.770363
1006.490685
1735.937017
1673.437507
719.185291
579.191406
524.959977
601.337579
921.693273
1832.846469
1245.603566
517.130546
946.091003
91.493273
1681.431876
1147.538206
1507.628862
579.291967
216.095482
918.760577
519.018815
698.217711
1.075889
1276.467108
1499.682603
959.515047
1821.399727
764.212732
1733.382543
719.403623
250.689906
638.245689
1546.295909
781.348507
1878.359275
562.333506
1052.239841
1027.004021
676.585723
250.247876
1205.055771
689.342544
761.131620
1923.145741
1664.463656
1819.661306
1531.572692
1204.229288
791.647459
1059.838118
795.243432
1527.369700
529.540979
1632.236973
1914.809412
1485.780169
1184.297116
1623.633689
1247.415439
984.279314
243.434073
