1279.465621
1920.683771
266.142916
486.991678
149.134345
939.928146
460.349837
155.717686
1641.144363
1696.302314
1199.994151
1575.693398
1111.946174
1013.350596
1088.460017
84.500297
92.484329
347.116139
84.950112
1655.528292
1568.007504
1870.113762
1909.998939
596.159611
1851.586559
368.289134
117.475327
580.828672
56.498704
1233.715313
611.264010
1838.219078
1588.045766
822.193814
709.433295
595.381334
765.078894
298.973298
543.226188
1754.542560
533.807473
1375.205544
1826.582205
1909.119046
1799.806402
1663.196145
506.610229
43.111247
118.732130
1713.916326
1386.685304
863.898073
1982.912580
668.729520
145.037982
58.364524
608.549320
190.414204
1077.532149
327.833813
1843.899833
1112.485815
88.097292
577.178379
675.023918
1986.995243
1320.046970
313.423922
1535.858043
1264.132490
88.752148
1588.358432
80.163356
1164.524451
1138.453841
750.709617
673.534671
945.216577
1387.006987
273.435524
1114.848707
1820.220517
935.222376
1330.468998
1563.457404
1358.594162
500.072863
114.612887
447.785118
874.474462
1829.279264
1261.593639
1396.286825
317.661161
787.138315
1236.663362
184.123201
1291.631883
502.059770
1524.552711
1160.407195
1904.724521
1904.020969
74.424272
659.742917
1031.209990
1401.306461
724.693479
1201.299416
1524.286468
683.665067
1291.777307
947.201815
769.911129
1554.340612
56.668756
93.790444
309.993013
1843.576153
1669.405673
922.142624
1389.083621
1192.419720
209.229702
1467.596406
1416.793294
1141.897351
654.776683
1521.710638
1369.689963
1080.206658
1300.294764
172.103598
1177.174373
1851.691519
133.362493
1729.424268
159.668848
82.336363
1704.257692
973.028630
1058.190281
1086.056728
1671.434819
1043.001627
1682.340631
428.977562
617.876951
1037.912211
102.534408
1342.802559
957.615239
1875.323043
1506.384853
1660.227987
595.774001
1367.634766
521.509144
574.176345
194.822403
1203.125697
234.587186
1863.836012
347.850931
440.605705
150.085685
937.106587
1014.415179
989.920246
1097.569136
1257.464691
1966.057408
1241.848976
1381.737224
1659.521442
714.878912
165.869639
351.025613
1823.484722
1823.719529
1772.117329
60.940420
1922.635212
1080.011587
20.746974
54.395918
1874.187310
409.121409
728.520577
1555.337525
819.790807
302.092580
994.998258
486.725184
1667.168090
1296.090538
1475.670136
1179.968839
842.281009
483.919444
488.087424
574.339298
934.573789
424.673074
236.361290
1696.208114
1615.775976
1116.829497
1128.357623
978.567481
196.657342
58.955388
544.204241
201.683045
567.945598
1421.664235
1048.795757
1113.284045
1509.938003
1408.015385
1537.580438
227.429722
1508.338619
514.162004
1028.793427
766.128891
1954.277754
1162.211761
250.060728
58.661828
1607.346521
1371.982064
1622.549959
1024.155012
769.282606
985.755125
1059.378433
1065.316466
915.838139
1376.598092
1243.136107
1025.551760
256.426351
1098.689542
98.134656
1359.170945
199.067199
581.411366
1853.822587
1967.214217
694.344521
871.364310
1530.952492
775.540605
216.949386
1277.323484
1899.798397
1069.660881
1968.426661
1081.889531
1598.340317
1928.703512
1120.929201
67.086480
1271.466208
1407.551078
1729.960838
1181.802979
1683.671721
811.607429
695.055899
833.487783
622.165502
1151.586976
1589.299416
1902.292150
1003.161501
1754.346771
1241.181811
163.700143
1869.304981
310.823148
1802.646228
1416.162204
530.163196
95.828181
575.238910
62.364462
1868.519072
1095.042849
777.158746
1426.047747
759.486234
256.136445
224.238102
1839.784780
1915.803647
204.891807
524.600493
556.491536
817.241812
1439.129004
726.169434
20.684382
1001.400735
147.150615
1582.384407
1623.731155
886.515965
312.830267
1553.299675
552.636231
1988.131574
428.370093
403.148086
284.884639
1636.134067
1446.266690
749.259379
287.387338
1719.997938
1651.340806
1153.932141
1024.496579
513.011025
1674.297612
1181.958958
307.211425
1070.418378
706.677306
252.489933
906.297305
943.805051
1651.500261
1834.889947
1607.347281
1384.748312
292.885373
172.466891
1286.039397
462.148515
401.099824
1841.741721
823.102459
1988.026550
662.232879
901.004528
1943.101807
1234.066675
519.608195
608.934643
669.547364
1896.548282
417.980763
1701.689078
1780.332885
208.806070
344.612531
1984.816807
689.072602
222.216612
1847.589535
1156.319246
1164.575259
1992.384436
1941.218925
1572.477074
1028.176368
390.210497
733.821535
693.543903
1408.378754
1647.712700
146.353837
184.934114
927.650168
1.365352
144.471570
533.670154
1066.283749
1180.966991
1626.210793
582.792782
1083.294629
1225.834569
93.607297
1229.840903
1461.057596
1464.014030
1177.802589
416.114186
315.120113
58.735354
844.091197
922.750920
1617.720813
1819.697516
141.159774
844.326868
885.667199
40.611630
86.668564
552.553677
600.646895
1307.371842
1175.553313
593.530713
1645.695013
218.083703
351.791017
694.623251
1557.982934
1303.176159
623.708854
1103.710515
527.633068
1549.971329
585.126406
324.510527
1961.420106
1263.714005
1051.284638
964.914839
621.704652
1402.088224
1869.775694
226.095389
1071.201877
1880.952928
175.861743
372.315615
1823.544105
822.771054
416.109282
232.702716
176.540545
1785.945388
585.129870
382.725245
866.187357
478.914377
325.929272
1818.268770
116.222173
1508.069075
1980.943017
1549.285699
1055.741203
1903.402377
1671.754352
416.399331
1109.547827
684.328312
444.933663
926.072160
1465.797378
1165.528669
25.341517
1312.881849
1828.231481
1642.508429
634.168839
992.680936
1519.482988
1910.584734
446.627986
1416.565777
1316.014858
511.719071
1949.426786
1590.990590
340.843384
605.752703
1163.684967
1022.246268
673.030410
466.101702
875.303864
1776.036794
1967.391872
1681.191650
1108.055728
1593.613635
448.359722
536.844058
437.083619
924.384650
1089.808873
765.728957
1229.582053
1108.567360
197.620569
255.903713
310.697167
1684.279463
1030.935898
792.630789
1594.669610
205.135803
627.444866
1925.862681
1351.082282
184.915973
622.762120
1183.943099
1670.670215
186.302077
1930.006295
1027.797290
16.054698
1151.303725
826.709098
635.817536
716.323538
457.709441
1755.580185
1981.175402
1456.975437
821.176122
1596.085515
14.251841
835.691576
1679.322922
1684.347015
167.287172
187.504603
151.854765
685.043099
464.364449
1662.298188
1406.651854
609.709738
1702.565074
511.196493
1162.451330
278.497899
241.185876
824.021185
1437.054205
1837.021360
1448.003267
1949.906848
1663.400329
1939.321709
1669.955825
173.551668
1526.884705
374.244496
259.242685
456.809308
620.044006
1477.611884
1830.927040
969.763424
152.859203
1574.622974
1112.329766
1463.384219
587.564543
1322.274580
1770.872064
1120.787098
1676.749836
417.493113
1501.742015
1589.052724
1754.124467
1502.910826
1243.258121
1077.239910
1413.160579
56.845442
1064.335574
421.996316
1225.086587
1515.263299
955.257991
238.054920
176.046271
1474.684775
611.015793
1664.440674
1433.404070
459.206210
924.769742
1565.046450
79.679504
1028.424275
558.794790
1547.042450
1334.458537
649.626553
920.480666
1442.547955
217.476783
146.292651
1155.578393
707.055643
614.192382
1080.360471
1886.428758
254.136962
601.919870
713.258554
918.520742
486.107199
1275.698653
578.260052
863.693445
542.722832
1290.634540
1730.709770
1775.104788
296.173901
1469.749954
1629.469646
1381.347335
1103.665633
1772.297984
1098.211100
52.962710
1774.263645
152.087094
591.794143
445.157058
682.678982
710.652520
1096.899528
1997.375361
1865.683928
1420.770698
24.119425
763.177325
323.296441
1546.277471
471.454087
877.844703
501.919650
1168.555375
920.180139
389.603712
530.591681
1300.384627
1682.432127
1966.762911
1105.253053
466.067310
297.271294
1922.646401
1268.063431
189.089722
805.965513
1823.384164
133.646604
507.470485
508.435035
727.630425
587.546094
1012.208066
1875.973069
437.367811
1702.807619
589.650447
398.066456
834.932462
914.897064
1551.951742
1885.927323
1821.520040
787.317627
252.358434
695.203145
1309.262566
968.951299
496.486888
1814.123306
408.405080
683.181816
1165.783744
314.391634
1808.199200
791.946938
96.181834
522.085224
261.358771
39.871816
1645.608670
765.908586
250.612040
1328.564433
1537.419574
1521.785519
629.213631
1668.495567
1618.002501
557.035672
1966.537788
1319.609275
953.076715
1558.347925
1440.577503
1083.092071
1819.439106
1795.053937
1748.519578
1254.546762
900.436285
388.633895
222.877378
959.099135
828.159109
1018.147510
1750.196784
1457.346090
1053.729822
82.110878
1912.528042
1123.807060
459.256714
1773.600095
993.799207
324.279170
72.017995
197.441627
1246.419670
240.400506
1617.299290
732.165013
838.374524
794.620646
1055.203806
867.359920
196.168770
1842.519862
1907.325966
1648.512765
1599.046315
1800.415038
1897.543730
1156.462077
1566.130580
309.651598
103.413499
125.685499
638.188506
585.213311
1785.119525
697.854297
1889.161382
204.341068
1263.335155
680.946198
1572.742423
1489.899380
450.880752
928.803184
1389.107880
1600.141775
221.817003
1128.369554
1179.088320
36.398774
1245.191121
1581.167226
1156.569187
1367.328041
1363.385431
1066.938883
197.809227
1427.673703
100.923633
257.502388
1192.629125
1729.709139
949.496959
1363.382003
1009.318672
1289.915438
1638.764816
1683.260321
1893.213345
339.689316
1199.331424
432.251259
1665.905273
61.921107
414.050799
1617.778662
792.966227
1235.376283
541.184780
1427.593130
745.731327
961.418061
1821.357488
54.309198
416.691649
25.550879
833.625975
945.762225
562.710301
1388.034315
1547.739434
1054.664733
1802.172265
1446.257930
602.025111
483.041032
1716.625270
938.914135
1408.862041
1774.316415
1038.981519
83.392567
1464.866777
1516.918870
794.453915
251.949721
1821.960278
190.391089
689.037691
1634.469826
1461.369699
712.534045
735.694493
188.343096
251.416152
850.265344
743.635850
1724.733909
1288.805175
969.577458
1025.334299
599.555845
961.079826
134.637855
1175.424534
428.150987
718.633020
1292.158897
1363.583233
393.388845
179.325861
622.745391
902.788383
1939.354364
219.794988
1127.366223
308.110245
184.895231
274.146542
1070.933244
1364.034666
1983.623666
625.956135
892.766941
1424.983666
866.474258
1302.848395
1111.978837
1562.314918
147.826880
954.366149
1240.867974
886.033657
202.669355
1152.856454
936.423838
1533.450979
788.611248
5.249298
1453.944464
1853.605578
318.947137
411.537515
1356.016495
1155.230348
854.454280
1182.085986
443.163072
1152.743956
1044.673625
1797.622319
937.319740
598.865388
1350.575754
1666.690092
1258.381214
1378.069200
1980.042370
405.113528
1334.068434
90.172415
1470.770883
797.230430
939.842725
1023.678829
762.080861
1885.029260
720.778146
1363.295729
1558.316924
919.539349
1613.833927
460.817990
27.950773
1188.650103
821.280562
1352.413368
567.483261
1647.164913
934.698515
521.934853
1732.079663
810.892818
678.597646
81.629069
1810.768448
1994.312513
363.400301
1908.866065
1545.957337
1087.965415
1766.732675
1515.068701
1682.657816
1761.918797
568.219055
20.654432
498.041331
1952.655974
1890.957437
405.651489
380.576064
726.901288
326.948987
965.628589
623.691361
809.711326
811.261610
879.877166
678.521474
800.421553
600.042180
1138.920628
599.991619
289.135935
1123.652513
1859.778885
125.720356
1224.027886
1712.678914
579.512460
1922.921467
1893.103682
495.577860
529.099991
217.553712
1439.235125
510.751999
1687.849329
1059.674628
46.480577
775.056147
70.664372
1435.095371
898.900797
568.694218
10.724998
1530.045040
1515.988482
1149.411156
1002.302896
1316.777058
1328.007813
178.309681
1534.804949
1555.777411
216.950492
1295.925285
697.260171
1898.702333
639.105368
2.919851
283.942932
1800.864822
1461.055766
1433.256133
1970.822902
1375.507378
902.507549
1217.378238
1896.044315
1942.809681
322.302120
826.726501
928.299168
914.123262
540.664815
684.548587
