6019
3311
5432
3178
6269
4750
3569
4309
6205
3804
2796
4640
4906
4902
5880
6614
2715
5024
4525
4327
3690
4989
3613
-665
3386
4152
1144
3960
2894
2717
6802
4346
4637
2052
4351
7530
4368
3416
5432
4584
4476
826
3312
3399
5427
4951
3657
4149
5126
4663
3354
2598
1733
2139
3085
2966
3623
6204
4260
278
2993
3464
3207
1523
2728
2616
4551
3852
4730
3539
2824
4589
1756
5229
3079
3765
4348
3208
4488
5179
3900
2002
4845
3817
1327
3150
7591
4190
4407
3962
5468
3142
1522
2016
3876
4619
3929
3581
3310
4898
3007
4216
3150
4560
2952
2938
1728
3132
5198
4932
4570
2980
5264
3933
2048
4550
5612
5539
4670
4050
4658
4096
3985
2682
5108
5850
5289
3552
3591
4739
1780
5496
6859
4049
3983
6751
5175
2996
4781
4470
4447
2285
4511
2209
6540
5642
5588
3539
6018
5394
1949
5097
3258
4472
5863
6184
6568
4111
3664
5291
5771
4051
4196
3553
3114
4163
6889
2978
3809
5081
4855
4772
3197
4228
3169
3656
3574
5174
3653
3768
3766
2313
4009
5112
5686
3883
3792
7367
3475
4385
3656
3487
3504
2601
3131
6583
4114
3851
4405
5257
5156
5673
2680
1628
4663
5998
1951
4018
4044
3822
4165
2623
6391
3817
4684
2545
3250
3966
4355
4985
4470
3671
5447
4554
4931
5102
3376
3426
2483
5301
3372
2939
2785
3600
3052
1950
2082
4633
5456
3087
3146
3568
4040
2135
7119
3241
4669
2767
3685
4071
7083
5246
5228
3170
2494
5086
6643
4514
4688
2387
3772
4665
5905
3643
6730
3224
3205
2636
5121
2566
6293
5419
5154
2850
5239
2014
3279
7319
2732
4329
3284
2542
4936
4612
3804
2568
3862
4026
3438
4993
3018
3840
5695
6164
5290
4097
3905
2266
3247
3021
5232
2971
4332
3535
5153
4490
3704
4289
5427
5792
1343
5854
863
3364
5546
4945
6437
3112
3223
2263
4239
3914
4899
4091
3185
2117
3480
4068
5666
2929
5424
2224
3707
2447
3150
2829
3630
3229
6051
5981
3318
4962
2716
4037
3810
5703
4638
2995
5994
3159
4290
2703
3583
5655
5891
1678
1996
2476
4445
3609
3728
5156
5558
4517
4914
5810
4145
5118
2501
4969
2416
4172
3509
3496
4822
5986
3971
6077
3225
3479
4921
3046
4376
3119
4826
3187
5140
2211
4022
4128
5923
5032
6666
6619
3497
4255
3484
3255
3256
5501
3093
5890
5985
5772
4759
2691
5290
2653
5791
3906
5143
5664
4870
3902
1824
6401
4100
1950
6306
2833
5238
6230
4897
4127
4200
3264
2207
4832
4689
4962
5362
4446
5739
3456
3624
4613
6348
2910
2333
3854
3257
2982
5287
3561
3038
4487
5144
5941
3295
2773
7695
3866
1812
6080
4090
2913
4615
6195
2278
4633
4401
4217
2123
2683
4623
3964
769
7814
2828
5862
3696
5123
6789
4666
4369
3218
3949
2566
3800
5688
3824
4402
4568
4369
5243
4210
4234
5369
4518
3311
3355
4029
4585
7535
1895
4449
4824
4404
3704
4749
5569
4190
3640
4478
3270
3235
3281
7561
3073
4985
2327
5609
4076
6734
6390
2828
2337
6052
5787
4003
3739
5966
3859
1818
3904
2907
3959
3908
3838
7865
2473
3595
2420
4503
4812
4091
3923
3561
4550
3624
2943
2907
5458
5483
5373
5942
3595
4919
5045
5404
3642
5906
6131
3969
3227
4335
2429
5164
4538
3356
3711
5350
4327
2926
1203
4706
4125
5874
3492
2985
3997
2766
3652
3475
3784
3513
4179
4841
2500
3197
5180
4580
2813
4072
3749
4594
3229
4364
2479
4324
4505
4961
4094
5505
4123
1483
2495
4718
5055
4929
4119
3145
4546
3081
3591
4221
6609
1566
4600
3506
5153
4015
2391
3720
4326
2651
3771
5223
5941
4994
2734
4056
5001
4417
3307
5234
5742
4643
5193
3565
1454
5322
5747
3440
2020
3818
3418
5036
4348
5233
2406
2089
4789
4388
2370
5840
4197
3312
4074
3407
3903
4829
3496
4089
5576
3865
4453
5009
2852
5187
6380
4661
4421
3773
4882
4113
5010
2820
2247
3431
6328
4122
5033
4131
1473
3522
4601
5874
5007
6802
5094
4958
3611
955
5653
4171
1785
4576
5238
1567
2886
4124
6987
2976
4985
6554
2671
3306
2596
5710
2940
5284
4800
2213
3056
1785
2237
4803
2332
3774
4450
4226
3238
6366
4695
4795
4528
5528
5438
5302
6211
4627
3875
3892
1275
4357
3477
4018
3282
3715
2402
4942
2541
4217
3406
4156
2781
3114
7696
3126
4399
4741
5962
2639
6560
1126
2290
4445
5601
1414
1329
3597
4711
3956
3532
2168
6131
5303
4613
3823
5909
3479
4889
5518
6020
1845
2676
5625
3204
2351
4557
4889
3567
3439
1961
3486
3727
5619
4779
4490
4463
4333
4056
6115
4978
4009
4274
1564
3701
5841
4311
5575
2938
4136
6912
3303
2598
3842
3772
2001
4454
7343
4361
5777
4907
3084
4037
5110
3963
4882
2575
2781
3681
4781
4181
5871
4688
3379
5295
6008
5603
1652
5572
3690
3510
3428
4525
3558
3762
3707
3044
3411
3411
2494
4691
5292
6394
4571
3580
4933
2343
5272
1020
5455
7562
3575
3101
3652
3027
6410
4296
4925
5801
5450
4422
4656
6026
5635
7335
4796
3222
4563
3842
4655
5544
4225
3520
5572
3637
4760
4864
4234
654
3349
2518
4302
4068
2542
3920
5162
2097
3011
2606
4058
6194
4175
3429
2358
3848
4121
4855
5266
5361
3532
2462
5183
2151
4403
5468
2869
3198
3539
3465
2534
4028
3066
5472
3587
3649
4765
6463
1898
5635
3137
3563
5454
5785
7494
2831
3686
2511
3860
8158
4306
3993
4584
4428
1407
4031
3721
4044
2874
2860
3782
3940
3221
3377
3683
4380
6195
5859
5615
5092
2825
5449
3551
2813
4995
3284
5346
3474
-204
5112
4942
5165
6633
3518
4937
3489
1396
5058
5882
4303
4333
2252
3529
3724
4808
4660
5790
3532
3358
3931
3459
4852
4934
774
5463
3377
4852
4098
4145
935
3319
3095
6739
4582
3937
3655
4281
4928
4909
4278
3648
3747
1469
4048
5660
4294
3925
