4759.247452
4268.429024
4473.775136
3923.123549
5242.257885
2936.648915
6654.528316
6030.925309
3945.912884
2816.240266
5606.512079
5101.690969
3025.846289
3976.443277
2713.391373
5595.705570
6972.572995
737.225988
3932.208141
940.647578
5014.505474
4236.671966
4580.717115
5464.948348
2596.292597
3471.360229
4660.843836
1221.980554
3236.357413
5355.792586
997.950578
5177.904547
5380.842640
2639.796851
3677.678408
5916.875142
3734.554334
3149.800292
3600.353309
1116.655169
2041.601972
4691.917395
5320.458276
2791.401147
4337.386894
4197.563032
2012.776592
4115.132321
3147.476340
5756.012781
1834.678160
3597.818401
4443.705504
4835.445272
5659.300070
4486.003415
2394.947984
4960.140119
4235.663129
3788.132881
7273.667280
4706.405456
2669.450898
3625.142191
4943.692926
5005.153712
4845.877670
3677.099164
4837.179626
2615.783087
6657.835841
4654.266132
2375.137084
5717.927982
2948.817129
4383.639411
4373.365458
5770.169703
1494.305385
4054.100445
4104.306949
3977.799497
4200.115405
1902.905560
5936.083560
4458.405183
3854.227185
4550.868491
4882.033565
3672.408078
4463.425210
6304.386378
4193.899028
4730.275369
3688.860771
3709.101509
4962.872617
4295.188362
6031.317609
6084.859591
2552.797764
3443.740257
2948.634469
3181.866704
2926.322688
2487.267507
696.965531
1650.708399
5078.671050
3749.325749
3459.115657
5567.396444
4642.237279
4399.523003
4423.632543
3298.277083
3867.453534
1736.169975
4368.198866
6327.891553
4730.406923
2648.268181
2727.623063
3955.014534
4851.141069
4968.448153
5456.381167
1901.485454
4954.387367
4456.837845
3278.183773
4826.984076
5043.317416
4558.561716
4691.079493
3041.801198
5913.090639
5575.059113
2764.089676
2247.635657
1023.699095
3481.035348
2473.513948
4408.359733
4701.230473
2137.990413
4044.867575
3045.417915
2974.246143
2497.086225
3206.092681
5240.714448
4971.780578
1689.677827
5240.423463
2863.142868
2396.147710
7075.972579
4502.413055
3551.952139
6101.108871
5694.971485
4555.482935
3378.681071
4896.570328
3836.829757
6370.119937
6315.548533
2692.976689
4981.787843
1087.445113
3219.185855
2739.458961
6088.599755
4643.941278
3147.047016
5474.630283
3764.317465
3790.527467
4013.820267
3335.371759
3638.270240
1209.692952
4025.312210
2880.120576
5329.090462
4002.528648
3256.644774
4410.505352
7047.052862
4035.584880
3605.178957
3706.589187
6670.085030
4425.508458
3788.147230
3666.913756
3363.676570
3688.210136
4261.334322
3995.861382
3768.786095
1457.893171
5188.113862
3697.555348
5491.892914
4724.553723
5031.003594
4076.642211
4476.103761
3305.368249
4362.122702
5135.122802
2701.074635
4178.553780
3752.537040
5878.347099
5439.646663
4927.495563
4130.017132
5270.530775
6052.663141
2886.790118
3677.863991
4736.151590
6459.545126
4233.210014
4704.153621
2030.630434
5155.826327
1837.464230
4422.512807
4973.365036
2060.786666
3774.161256
3290.219345
3293.842500
5569.173395
4382.723873
2280.264137
4406.826900
4968.170395
6494.897535
4592.732920
3214.644180
4111.651537
3886.250919
6028.665812
2191.440857
3843.060839
2755.524737
5100.911815
6682.167028
4820.220720
4688.063008
5870.177310
3681.942102
1765.305289
2277.221712
3328.974526
3571.656391
6922.456541
4218.433896
3597.663106
6681.864909
1339.470645
6093.704100
4357.662141
4275.767683
3656.658509
6103.926736
4281.404460
2469.642233
3856.027790
4388.151413
5632.577014
4241.461053
3859.278698
5094.538117
4346.434858
3131.073242
4884.994667
4561.898223
4349.274033
5979.703785
4072.732230
4216.375602
5727.363529
2958.313969
5459.773158
4830.538304
3062.955023
3114.394083
4368.165055
3413.078697
3275.421045
4819.688719
3196.584030
3057.764501
2115.176340
5195.076358
6099.687274
4171.320646
6107.109381
4839.159269
2522.623710
4763.437481
6117.927807
4400.792306
2415.068800
5570.965198
4463.065108
3724.268664
5274.320743
2138.152808
5922.836141
4258.166581
3260.208043
4676.062681
6117.737115
4565.965777
6086.754699
5623.496724
4561.187402
6118.489003
3794.594313
5150.352204
4870.454869
5423.651048
2342.789200
4052.166681
3929.003838
2646.941377
7863.174994
8116.033677
3160.417323
3754.237192
8433.149194
1557.683761
4467.810014
3996.483866
4983.623985
6816.305142
4543.659202
4615.735918
4972.150659
4121.556665
6165.309195
4622.716253
7139.105492
5900.577068
4417.309726
5129.732103
5957.629057
3747.758369
5313.541413
5676.979661
4276.996795
1980.103191
2762.301170
3760.629487
3204.816935
2888.388077
4655.022373
3776.668230
2890.263326
3201.414430
4962.258142
4365.428057
1693.483599
3502.393610
4989.977468
4291.021616
3719.981070
4524.518846
2670.341421
3150.174691
3882.141574
3857.413467
5262.642636
3188.157085
1764.669324
7527.209081
5307.680498
6967.944606
5752.035435
5872.295272
6761.936678
3090.983773
4726.262536
3607.957061
4231.057732
4604.458734
5206.525455
5482.290180
2544.915379
3074.163066
1273.514966
3351.945696
1770.886264
3062.686964
3158.317881
3436.822068
4348.600155
3107.832612
3333.470787
4070.936356
2482.156123
2770.854607
4499.450418
5528.590531
2540.500877
3460.218450
2509.277200
3473.452648
4165.576598
3513.842893
4561.097126
4673.559940
5235.018115
3548.500516
4187.404818
3621.927456
4744.537390
1227.815948
3912.474752
4544.526075
4477.699216
5302.280312
4110.954084
2331.333464
5123.632903
5702.714809
3880.720463
4489.479279
5356.574888
5743.555310
5926.360960
5719.315540
6083.274222
2943.261758
3507.107606
4005.605674
4230.756901
3792.899664
2276.778375
3590.349217
3000.112456
3540.278265
3969.360545
4389.879182
5324.225044
3667.194634
1233.635842
4970.115717
1562.231955
5069.792276
5433.714471
4137.999848
4583.353399
5448.885079
3427.451085
3904.184997
4462.083209
2828.184580
3173.025689
1786.485864
6040.972365
4283.489292
3333.031036
3942.674066
3866.120734
2839.347264
7123.656853
5756.872221
3312.117030
4716.787164
4820.374150
1396.871278
1441.081949
3607.016849
2964.123220
3768.332221
3170.428555
2571.273885
3044.050839
3578.459240
4870.793909
4366.843130
5301.511964
4762.963159
4303.161858
3358.737002
1772.380906
5798.063388
3555.880347
2053.606422
3127.228325
3725.057148
4612.682362
5936.424924
4234.234585
4085.468507
5519.263453
1576.549630
4971.888435
5662.253097
5447.245487
3409.718388
4552.954620
6945.006364
2125.861420
3565.436634
3967.145928
4349.377798
3492.250951
2709.409247
2750.882846
5557.288433
4901.308630
3950.747091
4705.106151
4341.167250
2799.524032
4297.553075
4966.131226
3525.405978
5582.600894
2129.034330
1828.811673
4528.292398
6144.697940
4360.905064
5103.951632
1890.826140
4424.536755
3066.208578
3100.107126
3150.579023
3272.393326
4993.266606
6801.751966
3836.479791
2873.410034
5132.272106
4858.394345
5017.096486
3996.919369
1898.670930
2422.964601
4561.575814
-872.183065
4266.416377
2233.862461
6114.792669
3936.383648
3612.431189
4510.329890
5625.204411
4083.640962
2133.497659
3804.933286
5759.686368
4056.293067
4583.193060
3201.715040
3099.086187
3387.850563
4974.354641
3591.937009
5120.521997
5860.239288
4348.456632
3814.124252
5671.145470
3469.213776
3855.680831
5329.367690
3400.682592
6304.024803
3398.479165
3740.449468
4269.076061
3405.488454
4319.044746
5028.802784
4259.244790
3683.575648
4336.616110
3214.522131
7453.801484
3844.208814
4312.900385
3987.914185
3304.425054
6957.371189
5475.433989
4814.806453
6125.489904
3393.004401
5643.575315
4060.685712
7217.413764
6232.601308
2950.844119
5650.998618
2603.002852
5487.187772
3613.625897
4132.725980
3425.373161
2919.017448
6990.549457
2496.995958
3972.138598
3588.857001
4510.038758
4277.354534
5884.554746
2544.294334
5649.375767
3138.227155
5903.717610
3601.140361
5259.794889
3933.002960
3484.493815
5329.271070
5449.128854
2083.979345
5272.973710
4205.808667
4651.926340
5998.418421
3236.090915
4173.336010
4304.101812
5119.715501
5806.412003
3118.809858
1443.699311
4299.984582
4030.340856
6392.469362
6642.990808
4835.905185
5280.800249
4582.317441
-175.653491
3639.158669
3977.695687
5101.894323
4441.629556
5005.058974
3164.950994
3236.119078
2587.633817
2624.523797
3732.012624
4559.260729
-24.245365
5288.091419
4288.603753
4438.045126
3564.853665
2539.894526
5037.331865
5954.976368
3503.265340
4231.558225
4637.999214
6497.270891
5704.281060
1476.063784
4525.198016
1952.231992
3537.484539
2897.349695
4092.913629
5375.377835
4199.092406
4175.383460
2969.049756
3244.523974
4625.942494
2693.432490
2567.492791
4525.019227
3291.363777
4985.959732
1600.244855
1630.768436
6158.798457
4593.203241
4849.408126
3765.702244
4147.867552
6077.988300
4646.591217
4924.915130
7457.963191
4372.203317
1902.723057
2612.875582
5031.491307
4457.617262
1415.095652
5198.415646
3928.144545
3448.756496
4331.951242
4430.129344
4275.626520
4538.270649
4693.280931
3427.799426
4306.464589
4585.231328
3297.314034
3860.438253
2990.104391
4879.918294
6423.314871
3290.641516
5077.639081
4549.619161
3625.371746
3209.147102
6365.895053
2202.590600
2563.292173
3688.624397
5410.738969
4921.557090
3000.109027
4866.286074
6094.377028
5884.818377
3504.155765
3160.295820
4427.358928
6371.377261
3135.277989
5883.184589
3962.744524
4905.848710
4564.383791
2925.171164
2971.934898
6307.768098
4933.838453
4499.161773
2454.664244
2951.158552
5089.584508
3524.196540
4674.453462
4051.063518
4441.652434
4729.901488
4212.862044
2806.929167
4098.369013
2802.911707
4076.439861
4202.056763
3827.672520
4282.330426
4043.207858
5495.407989
4568.835884
5853.304351
2866.191639
4944.503145
3706.960800
6881.351843
6489.827832
3337.718048
6046.216599
4585.219590
2309.662053
6396.592079
2648.114969
2604.045301
3656.957603
4708.519560
8013.385100
2944.295859
2310.785302
3247.375601
2505.179313
4222.472545
2133.519765
4776.917818
4124.669084
4317.595225
2933.163870
1597.797336
2498.102028
2872.421901
4909.785798
3677.740875
3737.930410
4471.250986
4342.190183
3471.138458
4010.988773
3186.372366
4609.503586
4175.515725
3146.934537
3015.819819
1251.250103
2803.602455
2800.584319
4591.358668
2987.210492
2804.393946
2866.132616
1936.004403
4291.166549
4965.140730
2227.204170
3820.179435
3538.161716
3748.479135
4881.133507
5322.644480
4831.360285
1876.991605
3557.338792
4639.994710
3532.160740
6774.215787
6964.861390
6480.091349
6231.886557
4611.829218
4357.343912
5833.440515
5616.294015
6182.403547
4163.527492
4089.964638
5688.525066
2723.262069
3424.534733
1787.864262
3721.884039
3001.592560
3236.471231
3465.267508
3874.053772
3673.394986
4651.446259
2613.152936
3675.399068
2515.060730
4619.336783
5644.537050
7468.244891
4171.836992
4362.737964
2174.613439
3048.224467
4381.315028
5806.008236
5683.554188
2490.007460
3973.234478
2836.063053
3598.406939
4940.254282
3668.348665
1687.770904
3477.049378
-197.494230
5391.309255
4914.554114
4966.946192
2853.625397
2619.417539
3764.697968
4540.568574
5991.187436
2190.962185
5626.062022
2646.121323
5178.914834
3340.895594
5084.213194
3879.169432
4764.684920
4393.361693
4596.331859
3651.163510
1021.188880
3889.637881
3217.272338
6479.230260
1857.251818
2031.102499
4961.928759
3589.491555
2910.258245
5373.385536
5682.397857
2865.971907
5271.568184
4691.269143
5403.565729
5652.220392
5835.761640
4725.545211
3594.064612
6247.219144
4145.700315
2973.730288
3465.167331
4645.497319
5402.138148
6258.602998
4239.421428
3749.266147
4019.337128
4253.913552
3531.883896
5555.703139
2918.558507
3308.209785
1999.880439
5097.996685
6558.562607
6090.798435
4406.695140
5285.896055
5175.116311
6621.554454
3281.811303
3526.172675
3318.126441
5166.280359
5454.769687
4207.223563
2215.303759
3461.850837
5250.576189
3561.218333
3413.421501
5769.355330
4621.635597
4966.162769
2414.451793
2346.034126
2360.218125
3440.047431
2202.727427
4038.672747
2946.538725
3523.975491
2347.791089
3915.437459
4237.070343
6341.437620
4281.820665
5426.250475
4038.512439
3443.816553
4405.882101
5440.956173
4108.660173
3341.753663
5294.729601
711.655320
1696.008208
4859.793859
2500.274471
5583.717184
6442.622546
2213.606356
3871.988305
3310.089263
3603.157410
6408.896320
3694.149308
4239.913404
6818.312641
3517.510222
5019.985683
5657.388964
4389.060779
2920.079678
2943.188263
6499.687765
6483.538573
3888.196161
643.990929
4962.399038
3479.453851
5999.002953
