3509
4650
5571
4021
2608
6040
6355
4778
1823
7538
4568
3743
3445
6222
4498
4036
3338
3719
4908
6775
5194
4011
4322
4481
5705
3388
5278
3849
2962
5130
5325
3005
4478
5877
4811
4731
4574
4675
2567
4010
3386
3682
4617
4157
3217
3468
5586
2983
3377
775
4441
4878
2003
4252
5559
2289
4444
5538
2071
3955
4845
4116
4523
6116
4924
2254
4969
5452
3346
3118
4710
5718
5428
5462
1512
5667
4646
3922
3455
2682
5884
3566
4544
2921
5270
6624
4061
5055
6602
4126
2117
3851
2990
5078
5752
4272
3632
1556
3314
4394
6002
4211
2512
4687
2722
3465
1833
4704
1287
3213
4853
2937
2946
4972
3479
706
3856
2908
3943
3555
3818
5113
4446
1229
4012
3146
3545
4213
3916
4695
3675
3489
2496
2240
3556
3597
3419
4849
2485
7429
4874
2481
3328
7159
6702
1979
5136
3777
1135
4685
4022
6041
4862
4491
5728
2216
4334
5196
6556
3236
5665
2173
4905
6293
1305
3328
7307
6372
4132
5601
5015
3549
2332
3501
3094
3836
2599
1554
5043
4515
4578
5064
3729
3960
4322
5345
4864
3340
4323
4117
5725
4609
2256
2559
2743
4282
2279
4719
5964
3939
3821
1841
2171
4257
2025
4309
6305
4759
4572
5171
4541
3109
6180
2935
2739
5775
4612
3060
3388
4020
3638
2753
5913
5920
3896
2495
2435
2850
3616
2504
4419
3767
6049
5838
4532
4138
3577
4307
2654
3100
1869
4836
5076
4094
852
2314
3640
3197
3078
5824
4056
2135
1697
3557
5151
3931
4643
3851
4871
2584
3891
5360
3958
2830
4511
3456
3024
3726
2024
5709
3043
1533
4849
3567
3890
3833
4683
4179
4005
3845
5931
5000
4386
2148
3758
5966
4223
2259
4129
4724
6477
5425
4749
3558
4967
5990
4433
4519
4975
6834
4242
3952
4444
3480
4883
3431
2152
3437
4261
4128
6163
1984
5910
5244
3881
6674
4448
4479
3197
3564
3076
3647
3955
8042
4406
2562
2451
5356
4632
4748
3948
4598
2797
2542
4113
4137
4404
3591
4997
2384
4345
3339
3419
3156
1796
4767
4590
6533
4243
3997
4452
2987
4424
7109
3310
4031
2592
4939
3285
2057
4126
4697
3694
5387
2495
2454
6205
1720
2084
5880
3190
4179
2762
6952
4496
3776
1466
4128
2028
2533
5321
3026
2065
2869
2992
2807
3395
1775
5020
2829
4067
3291
5039
4879
5476
1577
2755
4189
5433
1119
3453
6433
4666
1128
3116
4193
3888
2322
4036
5005
3443
4339
2512
5557
5731
5275
4068
2835
4205
2456
3102
5719
2500
5340
1335
4445
2281
5006
5746
3878
3785
5503
2857
5883
5052
5257
3638
4608
4173
4926
4183
1934
4301
4348
2356
5737
3963
4132
2582
3615
4447
4356
4406
1885
5460
4616
1895
4014
3611
3151
1615
2802
6264
2446
3624
3848
3772
3078
5107
4914
4064
5075
3374
3991
6604
2656
2908
4751
4847
5682
2062
4320
4059
3554
3620
5725
5510
4684
5450
1610
4074
5038
1968
4104
6959
4594
5165
3781
3243
4650
3224
2179
4958
4935
5305
4812
4331
2693
2218
4439
5126
3931
3537
4107
4466
3020
2736
3588
4785
4767
5420
3611
3435
2455
5520
2819
3789
5020
3537
2095
2579
2669
2161
2361
2303
2863
2911
2719
1886
6105
4896
4791
3113
4473
3262
4784
1977
3493
5997
1536
1830
6716
4842
4504
4637
5036
5865
4966
3325
4954
4821
2719
6307
3209
5170
5625
3191
3753
5929
4758
4938
5958
2142
2744
6777
2734
2715
4115
2859
3292
4002
5245
1762
6868
4645
3776
5517
3189
4013
5686
2859
4058
4484
6183
2695
2354
7123
2068
3499
7147
2064
4199
4758
4703
5477
5387
2487
1813
4044
4155
3915
3301
3687
2968
6155
4512
4004
3702
4909
3439
7091
2182
4978
6558
4605
4751
3712
3918
3729
2084
2838
2150
4574
4389
5928
5497
1818
4526
2065
3744
4926
5121
1329
3699
2141
3157
4642
2019
2235
4247
1102
2560
5650
3621
3334
4668
5339
1330
5531
6765
4109
5416
3367
4409
4469
5196
4636
5259
4547
5390
3885
2653
4784
5260
5065
5045
1592
4834
3844
4870
4059
3250
4764
4891
2259
6848
4144
3127
2104
4607
4897
5393
4235
4716
5236
4212
4730
1733
6034
6620
4708
5664
2529
2874
2056
5304
3968
5457
1419
3093
884
5169
1462
4274
3071
5143
6142
3647
6353
5565
3186
4540
3067
3690
4612
4804
3877
5667
3659
3433
5720
5396
4171
4383
4932
4231
4882
5428
1776
6969
2783
7732
3221
3418
4648
4178
4298
5794
2202
4691
4610
4381
3380
3518
3745
5791
3061
4001
1974
4039
4412
3854
5007
4839
5464
2116
3658
3220
5631
4033
4347
2820
4724
2704
4582
6722
2458
3077
4326
1538
3207
3379
5942
2467
4352
3937
4913
3732
4447
4165
3767
4219
5019
4399
2692
3276
2494
2019
4406
5304
3140
4712
2905
4925
2296
4051
4670
5291
5038
1476
5954
6609
4754
2015
5206
4439
4353
3881
3558
3936
6276
3858
279
4817
2343
3940
6289
3888
3985
3767
4747
2861
5012
4098
6289
4414
3665
5172
2647
3727
3346
4345
5017
3211
5400
4901
1852
2250
3831
3551
4791
1504
2369
3590
4210
3224
5290
3935
6578
2748
5114
4971
4413
2100
4892
6167
4722
6964
4551
4631
4414
5371
4652
3584
4114
3951
5397
4336
1873
6530
3322
4568
3956
5846
4366
3620
1195
4122
3331
3380
2359
4377
5082
6680
4078
4670
4410
4373
1877
7050
4302
2181
3742
3155
3663
4908
3262
2795
1551
2960
4270
5748
4253
4054
5726
4517
3609
6996
5969
4196
4470
3138
3231
2362
4678
6246
4255
3992
5007
4667
2656
4761
2568
3718
5965
5287
3285
1318
5519
5438
3639
2862
2882
3160
4368
4458
2608
3584
4304
4669
4043
2867
2770
3427
3629
4860
3313
2914
3783
5463
4468
4138
4149
4154
7448
3717
5270
3752
6384
4890
2789
2369
4734
3498
2881
4969
5028
4468
3960
1537
4151
5543
597
5569
4648
5000
3108
2349
5997
5509
1400
1897
4411
5684
4690
6050
3730
3728
540
3909
