3683.447878
5616.028130
4686.927023
2465.454305
4139.671426
4441.805707
4538.242063
4054.900220
5014.056647
2748.010770
3704.392269
3221.295556
4063.814217
4288.398935
3944.592777
1789.903194
3968.233982
3443.323386
5314.642176
3134.558042
1404.566908
6787.138290
3796.771555
4556.902650
4522.504167
5346.017179
1809.337482
4618.522451
2652.374138
4375.394290
4237.014988
3005.049597
2061.588248
2602.470406
4451.145022
6495.945558
3132.607654
4606.814092
4511.969795
6576.770142
1536.018633
2639.788381
5504.440381
5331.945459
4817.117944
3541.484578
4821.184503
3873.834813
5612.443332
4053.701645
3072.459478
5782.332186
3890.067979
4543.811043
5237.867063
2988.552520
2120.757646
4032.958537
3412.116742
3382.062275
659.433210
3076.839025
5159.214714
4153.073484
1720.237682
5778.387045
6224.549426
4326.198708
5858.521657
5856.027355
5015.339351
4031.963910
4352.341233
4357.893384
3854.246433
3476.849307
3102.670908
3694.845877
3446.553238
2803.696497
5460.777768
4650.537210
4445.834877
4007.300988
2864.719826
5722.625367
4820.062148
808.449125
5963.041723
4066.603244
3494.665428
4407.996350
2847.235605
3758.044934
1524.540623
6375.707458
5565.380581
4175.981102
3440.510733
4249.604750
3021.198729
5512.786616
4500.770695
2854.843701
4589.852907
3982.379827
3325.686601
4353.964216
4998.046580
5274.436340
2618.341297
4963.798883
3855.013342
3169.165279
6121.781791
4949.760071
6934.025193
3336.458763
3845.135696
3905.209723
3738.027385
3159.633646
3323.749565
6546.097176
4276.401347
3678.042811
6186.022133
4450.396599
5307.785622
5040.757080
2305.763279
1802.023576
2128.421448
3253.826210
3915.499478
5186.712440
3140.393569
4878.009614
4541.227984
3183.439165
4886.996623
4830.380886
4473.628688
3681.660283
1863.513627
4108.753928
3803.138858
4205.057140
6620.590770
3030.118401
3577.222615
2283.796759
2939.969460
3592.878973
4230.436360
4535.226169
4785.659460
5785.020757
5432.260847
4976.174390
4315.838525
1497.949135
2202.450810
2964.378328
6096.209385
4614.846988
4883.450925
5515.930070
4283.081690
6095.071064
7719.628345
3257.014131
6635.124551
5274.322478
3953.280910
1513.861564
3530.689678
3509.884128
2919.104088
1903.367215
7353.117304
4491.464973
5851.867254
5302.537278
4202.519269
4272.716747
3323.246252
4587.674715
5611.928273
5644.479976
4388.620058
7600.499254
4680.002289
5095.257882
1615.038074
2913.606291
1743.910084
6431.604086
2947.956899
4643.776079
2343.293466
5224.121980
6914.397450
4041.562625
3502.918459
4963.679602
4474.321451
5979.878308
3939.109815
4147.981855
2363.491032
3102.409671
6002.050430
4790.709551
4257.407117
4001.405666
3074.033733
2706.729666
5137.164768
5993.630105
5880.177658
5211.851917
6152.408364
3596.360512
5796.860165
3857.204640
4448.329454
3367.386558
4619.494753
4661.679902
2600.176250
2305.213038
5074.302748
3506.309795
3624.664374
3226.825172
4634.201717
4621.570923
804.865957
2132.740053
1967.570211
3995.297012
4044.444489
5351.576732
3070.678736
5936.508239
3043.430075
3910.798866
4053.923382
2250.836545
3264.379489
5069.939876
6924.990620
3126.328834
6107.355588
2534.329872
4446.622469
4539.538330
4633.371753
4051.190261
2583.163426
3940.029257
6286.956563
1705.670606
2063.390515
2467.348549
2515.179512
4756.040367
2607.992022
3092.068659
4313.241480
3994.216261
4330.304899
1636.685412
3123.812475
6440.835141
6362.965490
2655.811384
2229.753730
2805.297426
4560.560823
4607.929637
3806.046548
5466.305140
3433.195870
4373.389184
5728.568838
4011.604386
5198.845160
6252.570353
848.990554
3716.084846
5681.440141
3330.436788
3984.988467
2438.234315
4837.501610
2052.958087
5146.911408
5946.245606
2497.046676
6116.790961
6118.986429
3184.605593
1237.063131
5029.245718
6095.667282
3401.861654
2823.810692
4606.395810
2371.303751
5106.756387
3909.190293
5060.630010
5043.770657
3706.042421
3754.912796
2508.001298
2487.595633
4277.898797
6582.983523
4611.579422
4715.752021
2233.910872
3240.757636
3452.510387
3713.874334
5362.265029
5353.823242
4681.526326
3939.110308
4979.505792
1344.463994
3063.188318
3820.756295
4377.595871
1357.443893
4469.704886
2448.871223
2542.229277
3568.094303
2989.035527
3514.111551
6134.657446
3396.867498
4139.097868
4520.693916
5120.843940
4210.138268
2294.850428
2954.118440
5608.136349
2467.434025
3468.737885
4824.427169
5642.874775
6659.024106
5457.837990
2670.498826
4964.563350
6418.936294
4150.455026
5218.075588
3998.614220
2374.707210
4396.312893
2556.144094
3737.378137
3624.147866
4630.299884
5739.051276
3396.800557
4575.225083
3564.192242
3969.686895
2140.726296
5523.692641
4945.040933
5573.984669
5216.855090
5032.898844
2296.260040
4316.325519
2896.434346
2196.603800
3766.884579
3335.492614
3924.258251
3319.954313
4071.499834
5222.002598
5241.808348
4233.609698
4883.074127
5473.421176
2725.332025
4765.529280
3925.880018
4521.921014
5127.290675
3357.168935
3368.282951
5411.962041
4274.693705
3940.916988
3780.878015
2763.497259
5078.258292
5676.552827
3179.132291
4317.856676
5772.652764
4135.117756
4926.659531
6118.887033
1504.133224
4977.185827
2701.244400
5990.250189
4735.032353
2414.243948
3967.076051
4380.798277
931.664316
3101.771319
2745.134620
1130.114963
3171.908473
1870.526236
3790.845187
3881.282595
3346.085143
4403.630233
2813.692167
3978.545556
3401.210605
3991.201078
3647.883381
7062.784986
5677.749432
2838.814528
5265.691096
6233.865412
6162.903175
3037.070102
1881.460620
4350.453863
3745.009383
3159.709330
3814.104574
2557.180143
6496.601619
5045.327935
4330.138125
3844.692253
4411.010492
4057.386736
4669.670094
2270.764533
4667.512750
3772.460768
4127.725372
5437.781985
4599.742806
3288.967260
1206.944133
5132.073832
5365.007354
4225.537395
4411.741988
5507.063711
4175.230805
4744.626658
5089.862953
5782.306138
2748.961948
3990.392678
2923.667052
4264.262660
1768.304565
3553.450550
4780.368339
5653.617093
3647.631223
3361.308613
1097.282744
4554.141898
3828.096148
3686.900224
3173.489902
3090.801680
5711.180796
2648.941433
6359.496085
2090.716309
4211.309545
3875.190396
2887.694539
3893.209455
4571.337963
4435.701741
886.077159
4178.940398
2888.136150
3563.537108
2577.689913
1206.819362
4557.596185
1542.319581
2185.258168
4328.924290
3224.371284
4427.865732
5040.856077
3976.381186
4602.210182
5241.551445
1523.344961
3325.559056
2975.208773
3418.323656
3704.945732
3651.972296
4192.514778
4050.488609
7586.645728
2383.328090
1996.610288
3470.598171
5338.734612
6150.909782
2940.094698
4590.049072
4323.705929
5315.354201
3820.413240
4131.805849
2825.573917
4203.510059
6048.586437
3817.068940
4244.239093
2784.582239
5842.145089
2754.308367
4314.858468
2026.852460
1684.548714
4340.568026
5003.565077
4175.841601
3556.309254
1996.109136
4238.345267
2395.830123
3161.130005
3309.651998
5582.623839
5217.079485
3467.327412
4274.737450
4623.190716
3187.572848
5440.004695
6198.753238
3914.846336
5797.447801
5534.784150
3241.419267
4279.825686
2803.324904
4877.644873
3953.838242
4805.339164
5930.198939
6771.601023
3314.562710
5106.543795
5053.967235
5214.378059
3906.940411
3854.130380
2690.356166
5393.097020
3988.964277
1800.600359
3695.524593
2554.030369
4899.758128
3066.721301
5813.778354
4965.740295
3011.824734
4389.783746
4605.050828
5254.865858
3339.258029
4412.496813
3735.535093
6666.549292
5577.798795
5242.973590
4162.726845
4694.207196
4454.785372
1536.400133
4703.877935
4004.078688
6404.205869
6398.271821
1101.849911
2229.239998
2457.861852
4349.183958
2316.105424
2043.388787
3544.107225
5619.850796
3908.883657
6182.570094
2887.799424
3529.498889
4817.352421
3216.033680
3120.339840
4010.123310
3448.617093
4176.907349
2342.221185
3846.006332
4706.948980
7240.044472
3207.249162
3142.317370
2637.800747
4970.752497
3107.600753
4058.039928
6596.699581
6226.570652
2385.742715
3453.180018
5411.844206
3061.678215
4054.989867
4771.381506
2497.515674
4368.335126
3320.392040
3271.048649
5633.877888
4472.021926
3937.596080
2621.218924
4151.590864
4782.818842
5542.059489
3120.591830
3757.194144
3113.895678
334.757171
4174.408083
5937.035708
5422.512563
4516.757369
4720.549527
3263.990976
5726.431804
3301.855297
5139.896007
5001.708401
2282.458848
3218.352311
3862.328463
5036.716773
4466.085517
3571.407068
5842.744457
3767.822821
2378.655963
4338.999949
5908.226293
4223.599284
3799.780980
4383.451718
5964.178718
3705.972826
3495.739636
2017.229140
4962.959247
3052.738164
6113.028305
3679.568938
1525.833640
4919.407215
4726.136862
3210.805066
2318.830082
3700.111926
3758.177382
3194.110119
3795.633649
3092.257310
3678.891130
2538.068128
4324.366893
4772.627431
1964.872386
5001.838702
5764.212767
5189.039822
4947.671639
3532.589646
2648.735024
3328.893316
5308.155548
5386.078055
4182.636652
3434.836743
5965.599822
6284.500247
5016.058882
3652.033439
3784.548469
4402.599203
5119.075104
2585.674308
2725.895667
2758.846106
4710.298913
5456.445833
7629.468786
4899.196326
4181.695429
3435.063305
4603.895666
6265.141195
4305.608761
2785.570038
2699.911464
2728.316717
2999.697373
3973.616460
3923.283217
3958.608678
4532.049097
5185.799960
5157.198071
3233.217614
4240.851144
2579.916920
5614.100124
3881.980767
3374.379272
1063.006306
4741.446262
5090.225002
5483.999929
4575.766980
6986.141039
4112.905754
3322.423047
5439.277439
3772.705543
3199.745024
3035.594996
2518.302353
6182.915126
1318.277484
3087.345981
4151.191288
3600.373355
4021.809519
4408.784201
6994.930481
3020.508998
4881.343344
3571.203678
5380.422073
5447.368660
4606.211595
3553.880080
4425.219177
4263.657217
6142.861994
4272.558446
7546.844538
3956.056436
1009.912608
3463.159283
1805.118624
2940.596783
3095.840967
2686.823552
4583.153217
4367.302420
4202.124456
5397.902601
3950.165762
3091.098927
4083.849895
4601.756118
5388.057698
4726.689352
4484.575165
2129.726091
875.535483
2893.068879
3381.794416
3711.771649
5916.949607
3400.625012
3282.364711
3521.551955
6437.170794
3526.575254
3485.698913
4129.223418
2267.434644
6521.896635
3693.159243
5143.181604
3629.522283
3482.901769
4079.546698
2600.714358
2294.698902
2851.178064
3405.907677
2704.340048
3743.531336
4801.909434
3231.183714
5361.265201
4390.196111
5163.832938
4070.267356
4296.085663
3346.413839
4592.738620
3663.887562
5336.644359
4157.460842
4746.806944
4541.894548
1533.783806
3919.007751
7496.290716
3564.873437
5506.238806
6022.016380
3174.900097
4750.193387
2165.475607
6289.792251
5786.902081
5159.548499
5002.287817
5466.768801
4548.799712
3913.981939
4044.016652
4980.403001
4467.242593
2703.054103
1916.599957
4649.719565
4727.904369
5164.404220
2631.197602
5101.714777
4111.501010
2895.542357
4950.907368
5798.178957
3385.873835
4586.208844
4978.362505
5019.199512
4105.803639
2265.349593
5452.893519
3146.745849
3920.340211
5038.913931
566.364561
2496.717591
4357.384863
5602.827605
4824.359207
5500.746462
5847.732527
4745.576877
4272.716656
2695.763664
3539.132161
5064.312787
1982.154746
4261.717116
2562.049329
5626.837889
4598.469435
4755.039168
3621.063736
3456.750807
3880.548492
3972.787590
2123.976034
4751.551291
3202.934716
4127.350224
4621.267124
5130.338861
5611.514419
2769.793249
2999.457930
4821.833175
5321.723849
4769.632934
3999.265992
4196.790089
5124.409325
4126.065361
5126.661559
7662.286677
4572.686485
6087.966613
4898.303363
5502.336954
3833.926268
1841.679357
3169.640835
2615.921021
4567.170631
5055.610269
3433.388735
3186.288047
505.803099
3772.308801
1003.705213
5381.661846
4335.699309
4549.755853
5798.514748
3039.249398
6124.041287
2575.980896
3688.792616
3426.389144
4985.994750
5449.395489
3505.715937
3480.960691
5426.711634
4482.214384
4026.904820
578.706103
4459.911424
1276.519715
3752.674724
3595.164730
4389.860238
4859.720204
2436.343926
4505.920262
2645.702489
2053.934211
3412.588269
3089.324391
6955.633587
5333.609835
1642.095642
6185.207361
4543.878310
2651.385600
4498.887541
3777.020354
3749.007926
4290.609055
3010.913357
1706.968114
4001.325593
5191.812065
6077.357640
5317.251752
1266.143581
6666.440311
5193.525430
5093.616835
5105.138255
3683.763977
4774.430178
3919.802501
4204.657031
884.677573
4071.491995
1844.288594
5417.544928
2886.877560
2653.670790
