4125
7900
966
3340
1316
1382
1534
6253
7623
597
5344
3835
3233
3134
6026
7482
4816
1012
2447
6503
7317
5679
5737
3685
367
7555
769
406
157
5860
1470
6496
1758
2846
765
5140
3637
4363
2984
2521
3562
6857
8088
5762
6437
3951
6331
586
3611
473
805
6599
1168
5003
1545
7885
3736
6322
7747
5271
2376
7973
3051
40
7237
2858
7770
4866
784
1755
1453
5961
2815
3833
5567
5571
4842
1346
779
6307
6669
2589
3142
7550
2266
4789
4852
3435
8043
2838
4898
2767
5789
2836
1895
1307
1772
3931
3256
3049
3795
4731
7349
6745
2797
3856
3804
2197
7049
1762
3248
6625
5476
2834
3793
6916
4217
4281
3122
3890
4413
3109
2707
3993
7954
1
2817
6756
6244
8041
1778
6143
3845
5585
6933
798
4618
6846
7242
2574
3744
4495
4286
2480
1514
5946
664
1808
5115
777
5874
251
6038
864
676
2571
2465
1415
5632
4750
1237
4177
4545
3345
187
2289
3023
6553
6093
1737
483
3083
5035
5712
3608
6807
3439
6154
6058
7376
5398
4347
5983
4945
6470
1478
6229
4820
4144
6439
6184
5438
679
2166
7726
5581
1482
651
125
7221
2564
6994
4591
4722
4054
1368
1373
7600
3382
1387
4785
7750
876
2932
134
3691
6281
367
2963
7337
1505
5890
8026
4219
7316
2633
4271
418
5518
7754
6398
3578
4507
4945
7870
3755
6214
4905
5630
6176
2495
2737
5474
1591
4782
725
2644
2482
7922
2388
3996
7272
6550
2507
6410
7003
2915
396
3018
5455
4432
1747
4453
1700
1441
1957
526
3878
7094
7659
1725
7894
124
1707
6415
4399
6892
2546
7048
3081
1548
379
3309
7866
3206
136
4488
4671
5294
6968
4255
5358
5828
7510
5861
1531
2412
8000
5676
7482
5298
3695
4943
2024
7598
1301
2658
3825
1060
4554
4855
4317
4023
919
4363
733
2091
7214
4371
157
4236
569
6237
891
1668
1477
6616
6211
4339
2169
7083
2407
4307
2757
5554
6493
510
4322
6084
650
4394
5491
3055
240
780
3714
1500
5801
6068
6860
344
1046
3763
5770
1632
3691
1702
2856
7775
6597
4944
6008
6105
618
2289
2660
6269
6575
119
3468
5606
2808
5770
4126
3718
7568
2750
6950
5813
7725
2962
4335
125
4098
111
1407
6828
3830
960
3893
1974
776
1938
6242
5677
6578
7141
2038
1285
4684
1756
463
2087
4801
1087
1456
3773
1209
7519
7657
7930
5129
4780
3026
5120
6982
905
4833
1425
1944
1242
1765
4992
5305
5734
1287
5409
2207
4383
4900
6686
7210
5962
175
8048
4291
1285
4181
940
5558
5233
5647
3777
4318
2057
2489
4354
2027
6076
4103
4202
291
3047
2055
1015
3911
2729
2800
3230
1170
1320
6826
3702
4251
557
7713
3217
2544
7722
2780
1955
3065
2219
7004
6368
7569
5431
6859
5507
1665
3155
4799
836
5230
4204
697
3342
1600
1398
7012
4059
2782
2971
7286
7456
5565
5416
7396
3450
7456
4561
1545
3352
7584
5017
5885
3739
4454
1514
2565
5849
5747
2875
6475
6567
462
5319
2394
6078
5970
5269
6259
5561
2370
4127
6467
2128
7382
390
629
2119
4619
7936
6735
1259
4328
1699
6402
6459
438
1993
3250
5997
7636
3907
2611
1856
1602
4796
663
7455
5419
2113
4228
4346
3274
4337
890
1215
5190
6211
2904
1456
4258
4078
8073
144
1999
4326
316
7817
6711
1845
7257
3692
1652
3439
7014
5578
3073
7297
3247
565
4267
73
527
2018
65
4419
2029
6910
7672
5806
5878
3929
2545
3068
3358
3925
1556
6998
4545
5100
5764
431
2397
6870
7896
5575
3483
6676
4277
4351
2787
7037
2760
526
6431
722
6874
7226
983
3636
5115
1412
1263
5721
459
3145
2872
2164
378
6996
7205
7354
3146
1672
5438
1942
2541
7237
6408
264
6162
7631
3298
6082
4135
3902
4529
2559
5747
5544
6627
5714
783
5232
7500
7283
3253
3979
67
2990
3498
4617
4028
7829
2138
1354
3684
6466
1311
4871
7088
215
6834
4118
8074
2034
6608
5907
5543
731
2365
3272
3412
3205
471
7701
3169
1291
2165
2391
7342
5819
7249
4624
5633
7261
2280
1383
4452
2322
591
7583
4534
1765
7838
4933
1149
3717
4240
1312
5512
1936
6497
1637
3130
4350
4002
5261
3666
5273
6739
5745
1978
5685
7072
2815
2766
1053
7573
652
3305
4092
7045
506
1162
6821
7397
6937
6926
8017
1526
2045
100
1491
7734
1878
6729
3964
2978
1546
6711
850
6592
1428
3564
4688
5413
2709
298
5055
6496
3974
727
224
6698
5348
3038
582
6801
7623
2682
5900
5495
1118
6063
3606
3056
2724
3559
1828
7380
5114
594
2386
3171
8100
5215
950
4825
5519
36
2303
5154
4819
2949
3303
5948
1961
7337
6839
1584
4329
3904
3851
3103
6720
3017
6388
769
3724
1072
587
3129
939
5698
3765
2013
2865
6792
6983
6885
4726
3564
1524
3027
3284
3500
3314
813
1624
369
784
6613
148
5496
3049
7775
4328
5302
1698
1411
4419
7500
3507
4759
3258
4983
2465
7097
5332
2297
1870
4525
1713
3494
4092
3005
2842
4159
5210
4124
657
573
2306
973
7399
4317
5243
6831
2148
1871
2280
150
4051
3940
4310
2174
3926
289
1656
3739
7378
3849
100
3379
7439
496
1302
5930
1792
7257
2876
6239
5950
317
1159
3690
4842
661
152
448
4776
6239
7281
4234
2739
1690
7232
5583
4992
2634
2119
912
6154
411
4756
7219
3486
3895
5854
6001
408
2073
6991
70
5440
8080
4860
2938
7113
7603
332
2859
321
4664
6007
7559
1453
411
7112
404
2897
7865
2188
7248
5412
4416
1942
6104
281
1629
1458
4833
1728
498
4567
4529
7526
492
974
446
1882
2352
3783
7035
5684
27
3219
4443
1487
5740
4256
659
372
7187
7974
3444
8000
2620
6262
7384
730
7662
2477
6095
4276
7138
6615
5211
2804
488
5721
2961
672
500
5162
1024
