1125.339254
1803.838924
1955.800919
4796.043958
5254.795327
5241.063452
1221.437738
5230.056339
2501.886026
6681.442020
1753.031231
6524.893173
2811.563374
3771.623459
6293.481345
992.962073
4165.554691
2113.695436
2057.186493
7993.384495
6092.210988
3624.075561
4749.951404
8081.242569
605.863782
1701.591403
469.707260
5335.925346
62.286944
1477.670910
3072.990008
7911.065259
7481.807877
1062.996313
6876.027145
149.233798
4973.435569
6243.607168
5053.679103
2363.689755
330.711933
1753.463149
5685.147868
5769.213665
1338.071463
5535.079104
2352.497700
6601.849096
369.753672
1908.969482
3303.078965
3694.158829
185.438798
6045.881161
2462.670807
3610.253900
7320.300791
7877.390466
340.554848
5203.336405
6963.955413
3941.622443
4519.404755
4605.715989
5517.634034
717.213088
2280.368166
1071.767070
405.151531
5613.783884
5006.744617
7237.772129
5747.175845
3502.426697
1145.489617
313.000223
3735.741591
2552.928067
6051.014408
7747.161819
6416.697026
6633.913004
4733.854897
4814.249517
3473.629220
3086.306227
4944.755696
2061.982076
7602.757843
1020.061740
6085.671174
7095.419929
2438.741793
6385.310373
5553.437235
3135.602702
7372.607239
4200.864462
4338.008534
1103.427217
6082.236180
6056.475345
2341.115149
1572.307901
6232.892527
3150.693439
1834.631036
1142.827823
4170.214946
7547.597391
5323.346973
7330.577657
2422.683343
3757.943071
3139.198089
3008.285007
5680.115233
2175.728082
7967.871101
6535.590810
4428.742625
3459.303491
5283.767856
6242.360494
298.817361
235.382757
3157.990933
2998.613555
5112.012381
2792.087678
403.604982
3917.929839
3168.797884
6453.029194
1744.663193
3566.290892
5443.027119
2143.782905
5599.280518
4218.673346
3988.927703
5876.903673
5207.035291
4339.128720
3732.393800
2979.589132
1229.544342
3794.757415
6353.881673
3766.273576
5466.985241
7956.937764
956.991426
7031.900514
3935.930894
6049.538690
7241.755819
7909.051940
6039.951286
8086.268117
4080.247514
1878.969509
1231.534678
4850.341157
2640.825499
1226.161043
3624.641507
6162.809402
7717.614704
3857.325199
5060.625967
5733.634350
2682.514381
5377.198956
5332.854928
5150.780841
6453.598120
3207.595945
2513.054502
14.017057
105.678043
1841.873691
1385.117937
2543.173625
4088.107805
4402.882912
6181.095318
7287.009084
7174.673251
6213.321403
6277.824959
5123.087753
2658.858344
4641.180459
2242.967812
4206.013221
1784.205196
4030.728746
3814.034227
6379.251852
915.882728
4533.001859
6360.251405
5535.357994
7039.811609
7313.713932
2459.060805
7728.956294
99.433605
2178.591144
7493.364479
918.790545
4810.694106
410.840557
4041.244873
2380.583398
797.173742
1745.074705
2383.565214
2318.558076
3108.584289
6818.137055
7169.487234
41.936772
7709.331802
2329.593169
2298.394988
4385.559420
6589.177600
6072.923085
3412.287847
694.851961
7109.915341
3093.132486
6287.686923
794.122505
7155.948601
7369.134252
2523.371685
3335.903758
4648.464840
3186.558026
5284.750741
6563.704929
7200.742393
7011.404472
7715.957181
296.345029
7276.908138
7487.072750
460.713896
8065.456203
2551.399084
4650.411254
3503.951153
2470.029854
5808.755483
1799.403414
299.183450
6388.238929
6179.687801
7927.871251
6475.121130
489.830297
3385.793394
847.566058
6392.737720
800.855015
6923.236491
7993.705950
3395.896636
573.768489
4908.993845
338.553986
3970.842994
1590.203222
7336.550035
5612.443600
6777.584810
5923.904608
1449.746703
3492.843804
2065.811290
7168.353018
5276.175145
116.667092
257.807589
7498.156095
461.482068
4778.122286
3708.261481
2337.709191
1021.370319
3781.946857
1620.827786
3707.600960
7434.326373
4842.353842
6081.016158
1749.560801
4890.375945
3288.500903
1650.669104
3112.632899
1972.135702
3968.749620
6901.857005
5024.680257
920.086848
2300.649125
1775.850626
1298.477031
4189.452350
6910.649716
7021.773179
3804.820199
5400.081621
1169.798373
3920.256391
1776.159156
6483.939664
2920.925549
3348.694381
947.461574
744.679580
2266.701046
6239.474935
395.227897
807.265108
1271.675363
7277.825446
6706.265510
5912.430099
2973.670410
7040.573358
3918.434058
3544.221072
7069.554139
5058.419153
1039.707718
4216.620310
1879.555624
2983.379746
146.386217
5708.140755
3458.669467
2726.733421
3458.605418
1650.252980
4217.837787
6143.684777
2151.050284
6257.127706
5521.356725
6591.477341
4229.674957
2615.999584
5125.005128
2488.181083
3114.454051
184.234042
1995.552192
678.694505
2818.544946
7724.907246
4938.082209
3286.681403
3466.333729
1955.981550
7831.905155
5273.934211
2948.289448
1610.744305
4313.539935
2908.692186
217.578228
3580.282322
5725.987927
3753.080919
2411.002610
1815.869782
1683.418440
2798.716531
6527.735131
1982.350013
5561.662819
3699.997881
1134.385504
8062.166645
3956.799742
436.258622
1995.663079
2542.362757
6657.851481
2117.833308
6810.399417
6707.005668
2154.266722
3622.803844
7673.208184
2624.948992
1656.713184
7507.483313
3343.049254
3257.810886
4179.558235
2600.251319
7710.926810
4839.890905
5181.435478
3330.087131
4076.409890
2172.024078
2407.683311
2721.410299
3081.894699
3691.208304
7288.966153
7671.131162
112.443451
2162.075606
5282.705889
4591.879960
7846.483658
7324.840071
3179.067249
872.247785
70.529081
2320.266211
7520.201420
6522.264506
7225.558654
2950.292829
2885.579407
513.088969
5542.297572
2188.294906
505.493177
7463.818000
6469.130913
5099.255373
7058.048263
6055.163455
4589.186764
3076.948505
1550.524446
4573.364041
4411.445036
4302.719204
7321.664963
6508.035705
2953.097820
1435.058781
7701.926755
7456.975415
4851.802710
2908.154567
7379.810708
3784.576482
5321.932490
7854.366317
2125.694443
1249.511231
7319.264650
6660.975648
6031.713328
7313.904244
5657.633260
4974.205200
2980.803543
5442.140868
3446.571917
1878.202038
4530.658347
7467.844348
1248.963392
6210.721708
3079.749683
35.920812
3787.085649
6998.495872
1335.126957
4640.770139
3445.723391
3815.038854
7066.015221
2272.816439
3733.886772
3774.985006
6097.988163
3533.052026
5628.407852
7821.765869
4941.954028
3568.345561
7579.845233
4679.835325
3995.299023
7672.673499
1737.495597
4585.504265
5977.186345
6065.906205
6964.586532
6449.849840
5002.259279
4743.701938
234.466799
3961.490277
6379.084882
6208.604770
7995.369208
7053.286554
7015.121045
5388.409724
7475.237930
4027.888421
4670.693624
4231.740985
4943.735622
1115.590616
8037.483013
2147.998569
3560.951610
4794.708399
7105.057884
2443.852284
3188.331681
2698.568761
7936.173018
220.908755
2863.441226
990.685620
6400.209916
4901.056308
4615.373352
5848.927670
4756.348995
2219.557632
7602.112720
6375.483000
2364.776715
2401.249929
7981.564330
1806.702594
1491.499405
617.495627
2821.995026
918.394889
6259.893539
3412.701705
7650.552229
2499.314017
3948.681642
1678.357735
6832.450701
4768.937614
3222.486041
1701.892235
5525.799548
271.999808
3056.775011
2652.618253
5050.981699
5622.416089
4306.202781
1078.144967
2311.466130
5399.252714
3436.367936
458.902448
1917.449435
43.653811
4171.602724
6574.974131
2226.224432
6265.030433
659.486751
3953.831503
7242.063040
4973.519712
7657.806963
2944.628736
4877.161708
7968.824927
6368.547929
7292.039406
2630.303360
2558.574962
3770.393020
1811.495319
1052.826343
6028.340381
7317.782260
6043.440230
1932.946065
1327.507141
6158.523246
472.200285
6741.197655
1789.989970
4067.427527
5086.451211
2432.496634
6709.921146
2560.695457
7013.546271
3218.176616
2164.387649
3646.222125
4413.261308
2432.796365
3648.504790
2283.002437
4850.963037
4993.757772
7640.877446
1875.241534
3367.466969
597.345180
4311.439240
8097.314200
3454.764331
1885.119418
7405.053034
6884.344827
2261.509349
8071.631342
1049.968205
6585.628812
3121.439824
4208.129571
4957.697491
901.733801
1602.988135
3539.580722
1970.202250
3869.213366
2390.043083
5905.102524
1304.123033
1893.808536
7661.065773
1022.443939
5628.289404
5831.009159
3262.932419
1168.173062
900.654036
7752.390178
5200.713636
3378.086029
893.882025
7321.199789
6788.845338
803.599388
4453.916470
5408.113122
6571.235333
4180.239578
5952.586944
5672.762700
86.693715
6732.259715
5451.038024
7199.070204
3203.917063
5474.079291
5701.638594
7562.857309
2628.792786
1467.357725
7917.292217
6851.297405
5664.478267
6632.227064
695.262990
5919.076285
1290.121533
1441.607737
4384.229481
434.884946
3205.285712
4179.963433
1311.417872
3013.167476
6749.769826
80.473533
7476.674407
3873.765540
6007.435796
4231.418822
7628.133449
6359.883008
7442.709734
8058.492484
6997.183508
3575.211966
1498.517925
5191.769749
6939.174732
501.715389
663.551111
7471.529103
6485.630239
7037.418560
7588.734858
206.752240
7904.895343
972.028040
584.275203
3317.332148
277.408631
4873.863845
1135.650131
5019.744627
7055.946516
3127.100840
2164.824486
2889.131857
3526.119807
2504.590181
3536.176205
1443.478030
3422.244334
6053.524133
1334.106294
3684.490499
7768.819359
5959.964987
91.538379
7166.535404
7123.532652
5187.288828
4519.329271
3337.049910
7713.842412
5248.411370
3232.887929
6447.423210
4712.893356
770.634261
1141.026158
6285.630852
6732.724886
5170.165005
184.244089
2164.411869
4053.285506
2272.496821
6461.069991
7302.346063
5775.280392
6113.553394
5969.892415
4961.823234
5451.098106
109.868820
7484.262121
1816.472804
3719.421890
3633.702077
4562.812871
5255.915340
7867.114289
5806.861566
2364.340131
3162.587044
7354.450425
6801.291576
7512.525026
7089.104373
1580.193883
1089.589758
288.062599
5757.099328
207.410042
2762.577024
6556.046728
8073.355188
5725.650432
6179.815613
1977.014815
4981.990882
4250.756364
575.204597
4748.659159
2560.490633
3571.065394
4698.074042
2771.420558
1308.326214
7744.672747
5077.852998
3704.334366
1126.682951
90.362848
3607.382725
7658.464633
5899.091915
5570.821279
3745.242257
250.606568
7955.581436
2458.188577
1168.413579
4943.017790
5248.997719
4988.662914
3001.590132
6545.353888
6536.802629
498.793131
143.154772
8090.252660
6256.448792
2209.841533
6283.649186
5822.865018
4067.352827
3830.969371
7543.210615
4485.800355
6746.558257
2796.628417
3828.812056
3681.222144
1431.574785
5839.410931
6788.520365
3440.774821
1634.421964
5412.949021
6858.202504
233.488904
3724.005208
7774.534434
4825.231452
1770.017567
450.250305
2282.870733
2637.405364
436.956371
5623.726779
2037.974493
958.298681
4705.927793
5185.423045
5557.123792
303.567944
7187.437161
2063.356767
6410.185980
2489.763984
5421.283482
1153.481323
5045.590594
4103.113577
5535.888818
7862.357981
6857.587571
6096.313209
7778.102852
7.637618
6272.438666
3684.665477
2610.665295
4560.609160
614.155193
3372.321718
1201.114403
3813.770331
1943.959744
157.413469
4766.172450
5342.360342
2928.262020
5167.768777
405.830815
832.510881
4429.378297
6044.037505
3872.349609
6506.884322
7898.804192
3885.059898
1455.700885
6376.767747
7759.517752
3508.850529
3823.842830
1153.441421
4374.969204
6777.415083
3071.291657
3663.870801
1371.553195
1332.551456
1849.314543
4958.520141
6629.007254
3272.919979
7049.080549
1116.780897
3745.537417
5211.366665
4245.538456
1966.829940
3883.803576
4637.698356
412.271642
3796.480349
2915.224545
4719.920204
5484.864152
685.803810
819.641195
6801.562392
3965.130012
2760.115856
5686.193972
7153.093673
7980.363968
5929.218041
1663.619392
2095.129365
5878.243973
3436.448640
1815.294426
112.412959
1649.601699
1370.750093
4032.806420
6337.505506
3898.035918
870.678423
6090.254545
3138.139686
1417.704021
7584.477663
1547.077108
3326.957850
76.578773
6809.434643
6690.039675
471.812405
222.098534
6662.065323
48.889075
3071.678669
2069.391196
2543.832223
7058.163883
7998.380841
976.798744
7874.492661
231.151807
4939.417338
1429.192869
6301.546634
6962.272098
8046.147029
1982.115658
1622.871405
5658.698784
6684.458510
3857.184285
2692.280258
7532.291198
7240.157828
5348.616064
2781.194774
3603.564381
176.547232
2387.320577
642.933208
1104.434563
6814.700685
6107.406845
7951.850776
4548.990203
7809.340728
6686.608358
7593.668942
2143.904408
7641.379698
2217.577353
6715.578813
461.103813
6519.783637
6024.578664
787.602114
2854.729657
357.337424
3803.087445
574.682218
4068.033514
7172.275872
6415.575471
3981.937389
