1259.125233
1239.471174
1139.996927
1070.424810
904.719144
819.508913
871.555960
852.613898
1099.848923
870.831310
1368.126904
961.892020
1043.061739
1132.820891
720.031604
1050.795257
965.658150
819.113785
1002.490134
909.424830
913.633181
984.281694
1051.674187
1208.957030
1182.512655
1131.714684
1142.578256
787.008865
746.301313
1442.413400
696.145589
1300.188900
874.166052
1336.280937
852.064757
615.358227
989.342271
1217.650363
864.475325
1027.971936
1360.212958
1047.470303
1019.841131
891.122420
971.185971
615.412850
614.123582
1204.506854
1098.721440
683.391531
1044.068860
1134.615161
956.047109
859.560056
871.711466
902.419429
1188.249273
1188.444318
1069.035499
651.487921
889.458164
1019.595655
1458.799279
641.642689
1072.563304
1110.939340
879.328898
1204.244487
828.983191
719.058721
961.016674
990.998088
1152.232882
923.130870
936.002639
1141.307578
1345.414734
1073.427136
978.051697
730.133952
1348.146104
1391.316105
1325.677581
1696.704771
1070.969032
1309.744371
1300.210934
1068.374442
1318.758642
651.298011
773.716946
949.065065
1309.698962
767.685082
1052.254113
1449.597017
935.896460
1046.001130
1334.901603
1144.986504
970.558824
706.402228
921.288752
870.019155
1645.550170
1080.398226
941.854495
1203.263223
770.070486
738.363087
995.784582
908.249808
643.950343
873.495618
869.330355
1128.380542
1059.631188
676.919708
729.429047
781.642997
1030.365536
923.679454
832.882191
1291.159310
1086.110386
846.388223
1321.426379
627.485994
945.334892
881.002769
1319.110220
656.483679
1185.544958
1142.089754
1305.839777
1338.262045
1298.287300
1250.755524
949.620065
1123.836254
1278.266053
1144.297440
450.141973
893.085461
798.791181
1209.857902
1110.393197
1049.840156
892.295608
994.060639
1486.542457
694.926801
953.952046
1422.851786
1022.789387
1097.160213
1281.592362
549.246227
1063.955435
1224.843706
654.465685
596.173997
1590.638209
1064.140256
1221.225089
564.038149
692.657394
920.656879
1010.570466
872.575130
1288.034801
804.216964
1071.263427
844.763980
761.066568
915.568325
916.231443
1056.579337
1078.714240
939.443894
943.615910
1182.326651
1084.634800
953.766331
833.839001
622.108181
960.864088
699.824719
916.242395
1166.981112
1322.654803
1105.302987
661.527368
1590.511247
1596.508075
1029.921515
786.671459
1226.111792
1305.592186
794.364079
594.253129
1033.028743
1276.697075
1097.089470
846.526694
473.253791
1619.397625
580.200988
724.102374
1485.009418
1155.852284
1526.539891
975.026290
927.636468
776.146880
635.476085
1474.461339
882.610893
676.985322
309.389658
1037.269741
1189.226183
1104.769991
1265.928610
636.531942
1206.061606
887.368083
667.047370
929.273211
782.737624
1225.951552
965.850967
1329.502167
1014.985063
1368.562871
572.377716
1067.092654
1152.954694
777.110676
1000.143484
1195.794796
854.216676
1003.167270
900.987994
1180.096470
976.903016
1055.645243
1018.645170
1003.723324
769.011056
1357.247736
1030.191362
778.371885
1213.024623
1163.245389
1215.122727
1236.819466
1075.948555
1174.806812
1259.121159
1595.447430
751.661989
649.626510
1235.423461
792.883478
955.803892
995.331843
931.908978
972.047762
1478.931618
866.589827
1083.797004
960.367179
751.543991
698.181666
886.146186
870.196566
1407.849019
302.922028
1290.572613
1082.754723
640.593132
904.942309
1734.400284
470.377590
1139.651496
1032.267596
618.496293
934.193549
1189.119275
1201.127292
584.410919
1126.889942
1111.372603
925.204078
1027.891530
1297.832237
1083.227712
971.206004
766.324515
1192.266762
973.757867
853.567761
1350.557824
1256.999739
839.681289
1114.494061
718.052987
1095.452028
1274.370605
1164.553482
1195.365404
1132.366780
871.184011
1013.455710
813.003608
1414.512991
956.207471
1352.081915
1432.235464
967.070403
718.541702
1163.785060
1164.309048
1192.913381
1403.470449
787.697556
1193.106222
899.075668
724.793525
1247.791564
1004.610427
1232.280887
721.373956
976.219114
718.554193
842.734643
1160.408510
988.513057
831.065856
482.763179
1414.185117
871.230565
1388.149763
936.131497
799.154774
448.959342
640.183716
1137.075785
1063.285131
996.895543
766.448396
1202.262877
984.742917
797.800859
1115.398105
753.474678
756.434595
1066.959934
1120.404072
1385.880218
993.259875
1036.063885
279.498258
1110.305432
1390.809011
696.428931
855.885622
736.148393
1034.852943
1027.718689
1146.788408
959.075376
789.789708
1521.209211
1232.808370
871.433838
941.186557
1468.904462
1027.589977
1383.332723
764.494308
1010.206384
840.136992
1200.789476
1155.441706
1306.130453
624.697562
1478.140979
1105.650331
1397.971878
1011.360265
587.192594
694.010538
717.268836
1043.981605
1200.232402
921.810984
993.014594
1058.605269
1335.027709
970.378636
1334.986214
1421.531463
944.726102
1045.524854
925.520670
860.292647
805.143069
1019.207132
1096.589224
1248.254572
1281.884031
1355.788150
1210.105997
623.419295
1074.940894
1134.149789
1442.423286
855.465516
1277.354523
857.471278
1037.898416
888.125504
984.875639
1171.769575
285.216953
1446.852618
1083.397827
1061.779221
790.795837
1260.103430
713.562186
1274.267437
1116.978095
860.931616
1098.088112
802.726449
1150.443320
1215.703208
1380.166628
1477.658472
1034.169221
668.366877
1117.984928
813.364746
1094.200916
501.300930
1326.525646
917.265257
1263.702827
787.380003
1256.328265
775.635466
820.773192
1157.073717
1140.947018
782.243800
1017.576624
972.094002
1130.751290
1275.578582
828.314426
706.195015
823.951563
895.378615
671.835391
640.567234
1090.288435
584.465881
1368.895557
618.449532
1196.562909
1406.614542
603.595241
1301.910836
927.949122
856.545669
1189.203029
1012.350521
1109.706094
916.431479
852.059037
953.711119
1270.640087
1104.882075
776.082203
969.938424
1721.974248
965.375565
1023.641642
1290.721214
1182.237406
1740.085273
412.293612
888.234146
1239.620413
996.965514
1096.158714
986.726860
519.181434
1220.869031
668.333873
737.490254
1097.182066
1056.631729
1005.299824
1283.182885
1153.614925
998.478460
1051.672875
1254.626852
1153.169434
1358.730423
621.129463
1523.205039
829.867153
905.000081
913.977087
1423.954918
806.674683
1012.031972
1192.865356
798.707478
1244.580426
719.281075
889.557667
860.311775
807.767816
888.689891
1176.284446
1008.172023
722.018400
1075.619267
1127.970323
812.168259
911.953049
1222.442367
1134.518585
1439.898220
676.620671
1513.801776
1322.876306
748.914298
512.236611
1269.175328
484.410106
453.295546
1022.702800
1235.056304
949.440950
1070.033418
1089.487062
1165.047142
1563.811798
1268.457165
1134.364289
492.003387
1394.665204
1125.721378
854.632749
1172.853119
1252.553550
797.701788
1194.883533
697.160897
1203.201126
1084.992347
1429.002204
1385.562125
867.786779
1316.708564
1342.509097
973.566857
631.263841
1231.876690
957.594632
1402.972487
819.728837
587.714292
987.923784
911.292852
1209.251176
1277.785632
1029.870291
1412.806075
1402.581199
1268.208314
1252.257661
945.532923
1199.088494
1227.881999
868.467527
824.784567
827.874351
1174.693321
826.900437
1070.974684
966.020853
1171.455095
1482.396631
1116.333847
127.138626
872.634101
1341.522341
577.783942
881.982794
991.169498
1308.926618
817.584683
1043.537531
786.842183
649.003712
1020.224916
1105.436661
904.712328
792.158468
970.772285
1105.415005
899.014301
1036.439725
1247.742834
818.854747
1534.884960
985.676464
777.659254
293.333450
914.141887
1196.941295
1568.155806
1149.199467
1413.585761
738.964025
738.953931
779.825640
1008.154902
1618.964786
735.834904
1154.397431
1146.827705
1094.359861
922.342783
900.976892
997.834789
516.608647
1069.304758
1021.906529
1362.969064
919.755813
641.023467
1270.994782
740.127470
924.597590
717.094271
1115.918882
901.478589
597.165194
918.360066
523.249259
1126.092487
1109.604620
1025.510463
1390.345895
1359.158862
1286.532477
839.083877
1248.695651
1233.945284
821.805827
1184.807232
1103.507318
1171.587118
1254.764519
1099.866527
1095.415701
1187.781297
1169.229792
1326.085729
1322.827322
1036.691672
1063.769817
1194.993332
893.764512
1080.890255
1048.968758
1053.664989
611.581936
1126.927656
500.486052
1208.753786
1097.780490
939.892453
1167.415781
792.985197
704.056200
965.074441
1054.972012
1441.832437
893.392879
1470.088897
1044.703998
1197.187235
1309.581853
1059.594457
714.003001
1011.893665
1378.474631
1004.466447
874.120785
834.583500
1569.898522
883.146764
1299.907670
1036.235619
972.520855
1193.583041
1027.280336
1301.396380
884.646998
1117.448477
903.593654
1149.500586
1330.178442
1297.335989
633.217093
1200.711303
971.325897
1137.442507
1208.426292
1301.644072
1162.591868
652.331455
1377.834534
1074.859306
686.485872
1051.175597
1002.207534
737.453440
870.638974
1386.028187
1097.880029
631.710343
778.995044
1107.519789
996.705914
1440.153750
912.029157
944.882270
1163.295916
916.461432
1027.654004
1250.675336
1089.190971
961.911456
724.588546
871.043172
778.977974
1026.368825
1510.114888
1515.631772
1181.400366
1098.457591
1256.604012
841.367645
939.261806
1018.937080
1106.596312
1521.184836
1317.643061
1046.502207
905.356175
1249.263148
1010.574322
1321.182915
906.053057
1086.418500
1385.683902
980.297445
611.940706
911.016505
222.812377
928.961949
1227.452843
1200.568439
913.319598
581.930894
1125.437809
1309.851783
1207.151587
997.896117
1312.337202
861.512366
1426.559018
778.827972
891.620142
481.607810
456.386680
654.680348
1453.084328
638.905685
1222.224132
857.663499
1094.761111
1104.345741
1466.905371
306.501812
1545.692915
1001.583947
1107.996515
991.710245
556.919509
945.027216
929.245848
887.829315
496.394245
870.605574
1058.681638
1339.872891
797.900119
399.212333
1407.975643
1154.085529
1101.979428
734.167627
1011.109564
1143.166125
995.328186
604.715486
827.239045
1006.724605
1295.248483
1643.160857
981.320818
851.029428
866.712985
929.756645
752.738128
1039.315891
566.165310
878.192934
1278.298089
984.678743
763.108868
340.701674
1438.872637
1138.243609
565.566248
1007.461648
819.550841
852.934567
689.222086
987.530191
1351.412933
779.542830
825.450332
1299.402006
1060.489732
1318.410554
1126.774499
1418.982508
942.987417
597.067409
1080.344250
1618.593314
842.561270
1001.609204
1187.665401
1431.523829
986.997232
761.711356
912.650433
663.954189
1133.006062
1171.740364
839.481315
1310.608594
1071.501504
788.844667
838.033288
850.267410
1102.867756
1288.055467
670.697759
1020.004236
412.941689
873.165891
1081.861624
1126.335484
809.250706
1205.133044
1290.201311
830.372337
1099.236938
1006.855113
1400.084937
897.330762
1313.023884
1321.394418
863.664855
1293.109020
1177.130080
1291.177527
1183.936333
994.207292
691.672354
938.744481
977.393757
1381.907082
1159.487663
1355.774914
933.794696
1057.442186
1102.821506
691.808632
796.007465
1157.005995
1205.903035
1476.132778
1545.539968
1224.333368
1205.909120
837.059475
569.141522
821.652361
1437.870732
753.179054
858.533341
931.163907
909.827218
1009.566552
934.107473
988.130323
1350.517881
1353.933232
1471.220646
1269.505289
1028.980737
741.757106
1374.166911
960.462781
1335.234279
830.640979
850.268763
1407.877897
683.201600
930.559529
456.661659
987.375142
575.267182
1058.469329
1317.199303
1274.137564
1243.522343
1045.456766
846.710993
936.959671
1015.656874
1060.091976
855.964198
658.650059
463.472209
1382.186704
904.842662
563.724789
945.656552
1015.258762
621.039987
1343.883166
877.120781
1011.469221
1106.342277
865.494821
978.645244
694.445130
1381.014513
665.714492
1459.610564
975.107430
689.020273
902.312773
1140.126861
538.126232
1160.429727
1002.739738
977.253099
1151.753398
867.570793
853.855892
937.038633
857.113386
886.483305
1075.551882
814.089063
1159.703481
752.541819
1339.511298
1025.627330
806.890731
1005.068320
1120.794273
