# Bin edges and counts
81.000000 1.000000
241.580000 1.000000
402.160000 2.000000
562.740000 5.000000
723.320000 3.000000
883.900000 6.000000
1044.480000 5.000000
1205.060000 4.000000
1365.640000 7.000000
1526.220000 9.000000
1686.800000 11.000000
1847.380000 7.000000
2007.960000 11.000000
2168.540000 23.000000
2329.120000 27.000000
2489.700000 18.000000
2650.280000 31.000000
2810.860000 37.000000
2971.440000 27.000000
3132.020000 49.000000
3292.600000 40.000000
3453.180000 44.000000
3613.760000 42.000000
3774.340000 44.000000
3934.920000 42.000000
4095.500000 54.000000
4256.080000 53.000000
4416.660000 38.000000
4577.240000 49.000000
4737.820000 33.000000
4898.400000 33.000000
5058.980000 37.000000
5219.560000 35.000000
5380.140000 35.000000
5540.720000 31.000000
5701.300000 12.000000
5861.880000 15.000000
6022.460000 13.000000
6183.040000 16.000000
6343.620000 12.000000
6504.200000 13.000000
6664.780000 11.000000
6825.360000 3.000000
6985.940000 3.000000
7146.520000 2.000000
7307.100000 0.000000
7467.680000 2.000000
7628.260000 1.000000
7788.840000 2.000000
7949.420000 1.000000
