# Bin edges and counts
-56.782804 2.000000
107.070287 1.000000
270.923377 2.000000
434.776468 0.000000
598.629559 3.000000
762.482650 1.000000
926.335740 2.000000
1090.188831 0.000000
1254.041922 5.000000
1417.895013 9.000000
1581.748103 4.000000
1745.601194 10.000000
1909.454285 18.000000
2073.307376 14.000000
2237.160466 21.000000
2401.013557 24.000000
2564.866648 31.000000
2728.719739 31.000000
2892.572829 55.000000
3056.425920 37.000000
3220.279011 28.000000
3384.132102 41.000000
3547.985192 54.000000
3711.838283 61.000000
3875.691374 44.000000
4039.544465 49.000000
4203.397555 52.000000
4367.250646 46.000000
4531.103737 47.000000
4694.956828 46.000000
4858.809918 40.000000
5022.663009 50.000000
5186.516100 28.000000
5350.369191 21.000000
5514.222281 23.000000
5678.075372 20.000000
5841.928463 19.000000
6005.781554 13.000000
6169.634644 11.000000
6333.487735 7.000000
6497.340826 7.000000
6661.193917 4.000000
6825.047007 5.000000
6988.900098 1.000000
7152.753189 7.000000
7316.606280 1.000000
7480.459370 2.000000
7644.312461 0.000000
7808.165552 2.000000
7972.018643 1.000000
