# Bin edges and counts
158.973198 1.000000
311.726428 0.000000
464.479659 4.000000
617.232889 3.000000
769.986120 3.000000
922.739350 4.000000
1075.492581 5.000000
1228.245811 4.000000
1380.999042 4.000000
1533.752272 11.000000
1686.505503 10.000000
1839.258733 6.000000
1992.011964 15.000000
2144.765194 19.000000
2297.518425 17.000000
2450.271655 31.000000
2603.024886 30.000000
2755.778116 25.000000
2908.531347 34.000000
3061.284577 47.000000
3214.037808 33.000000
3366.791038 41.000000
3519.544269 45.000000
3672.297500 46.000000
3825.050730 43.000000
3977.803961 41.000000
4130.557191 57.000000
4283.310422 36.000000
4436.063652 43.000000
4588.816883 40.000000
4741.570113 40.000000
4894.323344 34.000000
5047.076574 37.000000
5199.829805 35.000000
5352.583035 24.000000
5505.336266 24.000000
5658.089496 13.000000
5810.842727 12.000000
5963.595957 20.000000
6116.349188 10.000000
6269.102418 13.000000
6421.855649 10.000000
6574.608879 2.000000
6727.362110 4.000000
6880.115340 3.000000
7032.868571 5.000000
7185.621801 4.000000
7338.375032 5.000000
7491.128262 4.000000
7643.881493 3.000000
