# Bin edges and counts
51.000000 1.000000
205.100000 0.000000
359.200000 1.000000
513.300000 1.000000
667.400000 1.000000
821.500000 6.000000
975.600000 2.000000
1129.700000 6.000000
1283.800000 3.000000
1437.900000 4.000000
1592.000000 8.000000
1746.100000 19.000000
1900.200000 9.000000
2054.300000 19.000000
2208.400000 17.000000
2362.500000 16.000000
2516.600000 19.000000
2670.700000 29.000000
2824.800000 25.000000
2978.900000 40.000000
3133.000000 32.000000
3287.100000 37.000000
3441.200000 36.000000
3595.300000 34.000000
3749.400000 43.000000
3903.500000 46.000000
4057.600000 47.000000
4211.700000 49.000000
4365.800000 57.000000
4519.900000 51.000000
4674.000000 49.000000
4828.100000 28.000000
4982.200000 46.000000
5136.300000 38.000000
5290.400000 23.000000
5444.500000 37.000000
5598.600000 27.000000
5752.700000 20.000000
5906.800000 13.000000
6060.900000 9.000000
6215.000000 16.000000
6369.100000 7.000000
6523.200000 8.000000
6677.300000 4.000000
6831.400000 5.000000
6985.500000 4.000000
7139.600000 5.000000
7293.700000 1.000000
7447.800000 1.000000
7601.900000 1.000000
