# Bin edges and counts
6.000000 16.000000
167.780000 28.000000
329.560000 26.000000
491.340000 27.000000
653.120000 20.000000
814.900000 22.000000
976.680000 30.000000
1138.460000 23.000000
1300.240000 22.000000
1462.020000 22.000000
1623.800000 19.000000
1785.580000 23.000000
1947.360000 17.000000
2109.140000 21.000000
2270.920000 22.000000
2432.700000 19.000000
2594.480000 15.000000
2756.260000 23.000000
2918.040000 10.000000
3079.820000 19.000000
3241.600000 17.000000
3403.380000 16.000000
3565.160000 23.000000
3726.940000 21.000000
3888.720000 24.000000
4050.500000 21.000000
4212.280000 21.000000
4374.060000 21.000000
4535.840000 19.000000
4697.620000 9.000000
4859.400000 20.000000
5021.180000 14.000000
5182.960000 26.000000
5344.740000 19.000000
5506.520000 14.000000
5668.300000 20.000000
5830.080000 17.000000
5991.860000 17.000000
6153.640000 20.000000
6315.420000 19.000000
6477.200000 24.000000
6638.980000 20.000000
6800.760000 31.000000
6962.540000 15.000000
7124.320000 23.000000
7286.100000 20.000000
7447.880000 16.000000
7609.660000 17.000000
7771.440000 18.000000
7933.220000 14.000000
