# Bin edges and counts
5.123933 20.000000
166.527764 24.000000
327.931595 28.000000
489.335427 28.000000
650.739258 23.000000
812.143090 28.000000
973.546921 13.000000
1134.950752 23.000000
1296.354584 19.000000
1457.758415 14.000000
1619.162246 23.000000
1780.566078 24.000000
1941.969909 23.000000
2103.373741 26.000000
2264.777572 22.000000
2426.181403 13.000000
2587.585235 19.000000
2748.989066 26.000000
2910.392897 17.000000
3071.796729 16.000000
3233.200560 19.000000
3394.604392 23.000000
3556.008223 18.000000
3717.412054 14.000000
3878.815886 23.000000
4040.219717 18.000000
4201.623548 20.000000
4363.027380 17.000000
4524.431211 12.000000
4685.835043 15.000000
4847.238874 25.000000
5008.642705 14.000000
5170.046537 12.000000
5331.450368 22.000000
5492.854199 24.000000
5654.258031 13.000000
5815.661862 15.000000
5977.065694 19.000000
6138.469525 26.000000
6299.873356 21.000000
6461.277188 22.000000
6622.681019 22.000000
6784.084850 18.000000
6945.488682 20.000000
7106.892513 16.000000
7268.296345 21.000000
7429.700176 18.000000
7591.104007 25.000000
7752.507839 23.000000
7913.911670 16.000000
