4.821062
4.466893
4.931514
7.211374
5.128249
5.163239
4.075896
6.468621
5.336300
5.831274
4.257165
4.419207
4.212234
3.743096
5.366557
6.035265
4.077355
3.452190
6.114339
6.494678
6.889026
5.062134
5.287225
4.597176
5.544858
5.851849
5.982780
5.404572
4.503258
4.515333
4.962404
3.101235
3.926089
5.359680
3.956240
5.025884
3.183389
4.780862
6.929051
3.953312
4.589506
5.324117
3.555131
6.638189
7.583247
5.323762
4.775730
5.415298
5.165637
4.613059
5.087175
4.279738
6.316382
2.502939
5.651911
6.660259
6.255387
5.742372
6.090813
5.545535
4.770458
3.293865
5.522031
4.238128
7.961004
5.633135
4.810515
5.746462
7.147735
4.492137
4.138365
3.484460
4.223216
5.881295
6.761065
5.761952
6.427508
4.381916
4.518669
4.206380
5.527498
3.901067
4.638823
5.502542
4.455234
5.174796
5.236306
8.472118
5.542738
3.791399
6.316109
4.905876
4.830317
5.466129
5.570398
4.678716
4.621752
4.144803
3.889149
4.932073
6.408910
5.447099
5.591022
5.439766
4.308839
5.845226
5.434464
5.899245
6.358568
1.689495
3.984651
4.991830
5.001302
5.887784
5.157119
4.168284
5.753739
5.810936
5.951141
3.468359
4.135946
4.481988
4.920160
4.786104
5.542894
4.421186
3.491312
4.545512
4.499978
4.336743
4.916262
5.155079
3.376752
5.009024
5.241584
5.709417
5.859818
5.802218
5.038572
5.972314
6.722438
2.658796
4.823424
6.542592
6.000402
6.314476
3.893493
5.473882
6.436873
4.571725
4.303568
4.491950
4.949961
4.648026
5.606727
5.891041
4.418842
5.238481
5.095709
4.412859
3.662879
5.684377
5.929752
5.433009
5.133121
4.791067
6.553696
4.660060
6.241065
4.058694
4.440381
4.330919
5.523824
3.549493
3.878358
4.497638
5.589162
4.923691
3.413368
6.167944
6.660392
6.046472
3.708987
4.639705
5.797309
3.051981
4.339008
4.849118
4.988838
6.376020
4.277832
3.823364
5.786333
5.710021
5.281002
4.566263
5.351532
5.287102
4.389257
3.740060
4.136598
7.453988
5.683863
3.898008
5.368837
4.473356
3.834602
4.261454
3.395343
4.999888
5.413118
5.208708
4.489146
5.690321
4.828489
3.454285
4.767659
5.512619
4.588408
4.791027
3.108945
6.456532
5.560569
3.588539
4.128662
4.200209
4.012094
6.415031
5.428130
3.458276
5.465644
5.100378
6.001030
4.521773
4.689645
5.299741
6.913199
4.089583
5.108217
4.843410
5.575393
4.848494
5.942500
4.686109
6.852644
3.968713
3.162981
4.846312
3.897831
6.128425
4.695176
4.748614
2.646165
3.303455
4.353017
5.920104
4.223716
4.982405
5.516680
5.314755
4.863668
5.835246
4.993407
2.249750
6.156105
5.344339
4.128676
6.174140
2.975010
4.724402
6.343879
4.516162
4.945150
4.372784
6.161975
5.602065
5.999217
6.512008
4.440373
6.370699
6.223712
5.607995
4.894589
6.417014
4.584476
5.473462
5.631328
3.253334
5.856531
5.340170
6.508695
4.479979
4.244173
6.829824
5.663540
5.611493
5.744305
4.580496
4.854335
4.976122
6.207559
5.420346
3.588026
4.236016
4.415950
6.411132
4.733470
5.344730
3.350972
1.270333
5.242417
5.605411
5.735528
6.485089
5.735943
6.128576
5.027737
6.243594
5.802301
5.325386
3.269154
6.405925
3.652177
2.310981
4.137622
6.223083
4.952832
4.351317
5.183034
4.527401
6.350429
4.569737
5.073222
6.134081
5.267809
5.558292
5.115591
4.108772
5.231012
6.308196
3.944394
4.598223
6.094526
5.135492
4.479063
6.884202
3.770674
5.327562
5.812091
5.442711
3.462314
5.773400
5.269864
6.751844
4.715966
4.534157
4.668199
5.403090
4.049151
4.806257
4.774001
5.496106
6.216022
3.841681
4.374932
4.185723
3.709686
3.599208
4.553533
4.065624
6.939977
4.820447
2.630715
4.373313
4.489522
6.672472
5.373091
6.672035
3.541407
5.380111
4.683693
5.669556
4.342193
5.543709
5.461963
4.095488
5.125293
5.469564
4.702031
5.394661
5.143802
3.768536
4.668886
4.227101
4.294234
4.762052
3.764334
3.726460
4.320113
4.348121
4.507930
3.802652
4.577508
6.212162
4.550732
5.224390
3.512451
6.079215
5.432684
6.079767
5.073649
4.427431
4.672245
4.954911
5.226855
4.308377
5.965979
4.278568
4.716108
4.980171
4.531647
7.924540
5.314825
3.978929
4.911579
6.444921
4.318627
4.322327
5.182559
5.379185
5.890498
4.595834
3.682635
6.958539
7.030054
6.291548
3.341769
5.103756
5.745979
4.527025
3.198756
5.428784
3.784146
6.347690
4.297192
5.675553
4.933528
3.782521
6.954827
3.879155
6.882359
4.885872
6.374904
4.284291
4.283433
5.045747
4.189690
6.720371
3.751040
4.121406
4.532605
5.043317
4.780111
5.356948
4.543582
3.545727
4.529191
5.262423
4.232556
6.147667
4.533326
4.217607
4.548298
4.397151
7.662630
6.692773
4.560201
4.623599
5.689748
4.480658
6.841019
5.571592
3.053518
4.832971
4.315316
5.079986
4.352203
4.804729
5.295780
5.580384
6.062648
5.239457
3.797573
6.304789
4.702768
5.334050
5.026166
6.157162
6.598240
5.607153
6.077825
4.054960
4.729231
4.412787
3.769242
2.851260
5.451907
5.043963
5.144444
6.401111
6.564312
4.336619
2.751568
4.433924
2.940097
4.699892
5.018903
4.619364
3.774998
4.973065
6.692348
2.154562
3.508645
5.109672
3.480655
4.282594
2.972220
5.758581
4.438285
5.028519
4.774699
4.588700
5.866879
6.077386
5.565409
6.744262
5.697932
5.252156
6.882511
6.420596
3.330172
5.387303
4.776320
3.762102
5.457640
4.673174
6.062903
6.694077
4.133285
6.049957
5.640175
6.035514
5.290378
4.603737
4.391467
5.400894
6.975994
4.695652
3.903211
4.277432
6.277924
5.710426
5.046307
6.449997
3.996437
3.934531
4.406481
3.821881
5.294900
5.114596
6.005461
5.998618
6.406956
6.041455
6.094695
4.229959
4.732287
6.087008
6.863182
6.203323
4.630435
5.051926
7.334277
4.980829
3.594392
5.737687
5.289939
6.519195
4.834155
4.713550
4.115896
6.324050
5.191810
4.080644
5.553300
3.885838
5.050831
5.824912
4.611874
5.266599
3.716520
5.973833
3.814963
4.456413
4.534420
2.667007
5.210135
7.252226
2.997587
3.400129
4.948440
3.510709
4.793452
5.545196
2.961287
5.135895
5.322888
5.013999
5.302686
6.063801
5.063429
5.564293
5.815470
4.662819
5.279600
2.632224
3.859591
6.029175
2.751364
5.025311
5.004509
6.703457
5.813232
5.660361
5.476470
5.083639
5.506841
3.856568
5.139775
4.236349
3.855064
5.199288
6.658685
4.513010
4.565341
6.010822
5.723236
5.268209
5.080893
5.579804
5.279789
4.318480
4.446040
5.888487
5.412276
4.471584
5.090888
4.515152
5.708475
6.399498
4.323874
4.466667
4.416364
4.549052
3.427320
3.443053
3.686738
4.113825
3.521042
7.001385
5.375242
4.931287
5.140851
6.760930
4.147942
4.596548
3.887147
4.376844
4.657741
4.752816
5.488112
4.369146
6.268127
5.401680
5.995764
4.012777
6.308235
4.852108
4.677378
5.235878
5.513799
5.348221
4.956167
5.257795
5.030868
4.962754
3.935766
4.261606
5.922078
5.032272
5.297177
5.435875
4.549824
4.623481
6.162387
5.834100
4.120529
5.065869
5.567325
5.990829
2.040460
4.385759
4.250631
5.316320
5.873553
4.605331
4.585883
5.452363
5.091996
7.012681
4.002711
4.964650
3.024954
6.378183
4.661105
5.449671
4.541777
4.202154
5.644937
2.207696
5.757947
5.150564
5.238502
2.957645
4.748285
5.018998
4.440903
5.276255
4.908908
5.057423
6.011442
4.426411
4.673711
4.573537
4.465538
4.683998
4.875856
5.858000
5.594048
5.476942
6.588301
6.193626
4.656692
4.798664
6.446027
5.219054
6.523946
3.851446
5.392135
4.605979
3.736691
4.404977
4.981552
5.700456
4.392632
5.177077
4.377246
6.883507
5.500808
5.064985
5.567871
6.480507
4.585454
5.427130
6.047322
6.548125
5.328977
4.564223
7.438510
5.468010
3.866889
5.373567
3.804724
4.907064
6.406238
5.479363
4.137358
6.200465
4.385335
3.248766
5.939455
5.847570
5.481302
5.842953
4.990182
4.932586
4.392208
4.507030
3.897717
4.849327
6.078632
6.217328
4.828208
4.800734
3.868432
3.074330
5.250186
5.312176
2.561920
6.296851
4.755077
7.146585
4.957268
5.012573
4.069116
4.567391
5.519273
4.718125
4.187540
5.245272
4.981494
4.906112
5.421933
3.994536
4.415597
7.702663
6.266514
4.154144
3.278266
5.491197
4.265461
4.695058
5.067325
3.573441
5.864318
5.189833
2.300471
7.037109
4.383238
4.888736
5.421315
5.037026
4.014749
3.816947
5.607545
5.865584
6.891526
5.352409
4.342220
3.748019
5.895545
4.281368
5.398096
4.530725
3.454180
3.980156
5.515392
4.845990
6.057774
5.360113
5.004963
3.954797
5.071455
3.981957
5.800411
8.424998
5.228882
4.827242
5.347594
4.188894
5.347759
2.976805
3.477398
6.311946
4.621992
5.298475
4.869771
3.587800
4.029672
5.495465
3.603524
5.428564
5.409597
4.142623
4.548870
3.993292
4.308772
3.292648
4.012333
4.822069
6.292310
3.817220
2.770803
4.584505
4.646225
6.489914
4.984818
5.781172
5.898155
4.354704
3.642258
5.556975
4.259275
5.552399
4.879236
3.619178
4.223787
4.744056
4.837169
5.359784
3.660852
6.112390
6.004140
5.494229
5.171704
5.568540
6.804546
4.283680
3.575690
5.861873
4.663423
2.882751
6.425734
5.261339
4.113394
6.623402
6.138115
3.840263
3.799822
3.806913
5.407140
5.302258
6.200099
5.391188
6.421593
4.814122
3.364053
4.848760
2.559065
4.963714
5.348257
5.417873
5.443544
3.713213
5.895751
4.127300
5.609263
4.503510
4.146568
4.367260
6.280910
5.098622
4.631533
5.798120
7.213992
4.897074
4.706098
6.836638
4.398544
4.733158
4.368325
4.642183
4.468406
4.005807
7.111296
6.595623
4.596944
4.414794
4.813736
4.783682
4.429820
4.440968
6.017091
4.480295
4.503952
5.250380
4.917014
4.791731
4.520294
4.659487
4.869714
5.411230
7.398267
5.812783
4.314689
6.145428
4.903687
4.833394
4.714338
3.740317
4.557878
4.296962
5.272188
5.430648
4.468557
5.171954
4.988817
4.980942
5.806967
5.481542
