6.152307
4.780144
6.634968
5.016452
5.127990
4.742188
4.128098
4.813952
6.501652
4.403896
5.226356
4.731404
6.104977
5.261138
5.239403
3.993871
4.472205
4.574994
5.279114
4.704505
4.232683
4.171899
5.044280
4.725297
5.588043
4.961515
4.946990
5.416270
5.072037
6.420159
4.816090
5.561172
5.166073
4.748561
4.647041
5.436697
3.653293
5.837260
4.296382
4.202122
4.959224
3.344663
4.834216
4.805665
6.138156
6.492127
5.312813
4.639199
5.126848
3.538273
4.277178
5.755514
6.321726
6.634267
4.438409
4.717872
5.570453
3.572637
5.310700
3.601289
6.500677
5.771570
6.170496
6.644326
3.890656
5.154693
3.632394
4.769578
4.446980
4.820582
6.227131
6.146404
4.382550
4.308644
5.052277
4.911570
5.933757
6.744186
4.382295
4.094555
5.216761
5.252361
5.184322
4.342075
6.038958
5.616192
5.372120
6.030869
5.856997
5.539057
7.290405
5.106151
4.144026
4.392510
4.715000
4.836608
5.025801
4.611371
3.347248
5.845223
5.912221
5.219759
7.205445
4.831328
4.591729
6.222459
5.088140
3.874292
5.434746
5.130570
5.664743
5.337142
4.595925
4.597991
4.945160
4.125935
3.821625
2.986113
3.339996
2.279616
6.299723
4.744796
4.534620
6.176221
5.395058
4.770297
4.059782
4.508463
5.093919
4.481334
5.113865
3.254154
4.208806
5.049127
4.094946
3.823624
7.121090
5.140183
6.216776
5.136954
4.557208
5.342661
4.205708
5.079536
4.544990
3.781622
3.619167
5.088294
5.528566
3.927946
4.851231
5.760256
7.574813
3.861106
6.543017
5.955157
5.933562
6.522725
5.205408
3.793132
5.465448
3.556440
6.907382
5.365226
4.429101
5.406922
5.315144
4.757733
3.332022
6.460914
5.619182
4.627689
4.121044
3.748072
5.459650
4.668939
4.758265
5.273813
6.534795
4.079328
4.553208
3.962152
4.083463
4.966139
4.731819
4.947563
6.073168
5.501720
5.275315
5.480553
5.462981
4.527748
4.881050
4.850875
5.534778
5.835269
6.375491
6.199412
3.863249
4.106397
4.561967
4.640748
5.040031
5.468704
4.853538
5.627528
4.302244
5.531195
4.043407
5.219991
7.511788
4.067197
4.793405
4.665232
5.627829
4.682463
5.093508
4.416924
5.439367
3.866263
4.784714
5.253300
4.764665
4.132230
2.801466
4.499323
3.687154
4.414874
4.476993
3.189085
6.356339
5.302762
5.974587
5.489959
4.176441
3.968739
5.287241
5.868691
4.788004
3.460535
4.645418
5.148417
5.582676
5.603332
5.443817
6.877297
4.882717
4.822986
7.043756
6.360953
5.757191
4.467105
5.341590
3.116345
5.966151
3.572273
5.454402
4.201128
5.297548
4.321605
5.840552
5.154995
5.363348
4.038092
4.214551
4.867950
6.178265
6.496494
4.872066
4.217365
4.220227
4.167100
4.082929
5.809751
4.439231
4.515911
6.455501
4.325265
4.581577
5.879976
2.452692
3.829260
6.007816
4.846577
5.202266
4.635027
5.893275
3.259444
3.671091
3.683046
4.563667
6.730760
4.335907
6.872532
4.867267
5.115873
5.910210
1.917168
3.321920
6.635689
5.078098
5.601718
5.700762
4.809561
6.404177
3.513139
5.098623
2.720352
4.366149
5.196141
4.876654
6.226416
3.885202
5.053686
5.678657
3.538108
6.910702
5.581292
3.877601
6.374368
4.242270
5.298203
6.469102
3.274457
4.321639
4.709281
4.241001
4.477581
5.139546
3.732166
5.617416
5.416729
5.408300
5.160789
4.958421
5.505864
4.246363
6.238125
4.855043
6.039628
4.984091
4.643759
5.367870
5.034400
5.066079
4.158288
6.564841
5.147412
5.932640
5.588914
4.651207
5.434450
5.787789
5.106737
5.726165
5.760184
5.063207
5.819727
6.487287
4.212493
6.008606
6.173111
2.854042
5.480254
5.955060
6.390026
4.674042
4.890152
6.600904
5.963213
6.370136
5.186873
6.552733
5.032037
4.337235
3.672454
5.401344
3.868486
6.158223
5.426476
5.969368
4.815367
4.509996
6.060288
7.617120
6.048326
5.210667
5.838722
5.054362
5.922855
4.660291
3.925629
5.246972
3.186391
6.150234
4.693456
6.245282
5.443589
5.663220
3.718131
7.743679
5.358744
5.017971
3.610375
5.192829
3.448957
4.431727
5.161839
2.566136
4.999307
6.271946
5.335124
7.307140
4.481323
4.097592
4.804346
4.517710
6.992291
4.681341
4.871267
3.549201
4.661630
5.434534
4.641270
4.314142
6.080967
3.571258
4.236483
5.181315
4.347974
4.582603
4.814463
4.582913
3.919503
5.999783
3.875724
6.008198
4.601686
4.442468
4.833276
3.721445
3.899862
3.897749
2.805394
4.575867
5.742526
4.773423
3.364863
5.075556
4.816625
3.985584
5.096398
3.845195
5.472463
4.784458
7.255937
5.067218
5.164624
5.179534
4.893919
5.876819
5.188681
5.508243
5.138372
3.750072
4.852191
4.827503
5.459880
5.060658
5.034756
4.451201
6.336606
4.450248
4.943401
4.715960
3.576558
5.559647
4.384857
6.988606
5.176508
4.521674
4.846362
4.930029
5.274521
3.790233
5.598642
5.614103
4.720620
3.187794
4.512481
3.635028
5.426560
5.988121
5.261345
5.732916
4.831888
3.533387
6.650518
5.642456
6.525366
3.549556
6.047477
5.287283
3.138914
5.908142
5.617214
4.782246
4.854463
4.596739
4.390611
6.126815
4.347558
4.288217
5.550861
4.876685
5.078627
5.968607
6.026553
5.393912
5.947049
6.037185
5.039501
4.500948
4.243998
4.926083
6.179319
4.719826
4.194911
4.358104
4.327074
5.586431
3.021525
2.666948
4.598356
5.776961
5.974200
4.167514
5.146959
4.967697
5.748262
6.012389
4.360761
6.433986
5.270483
4.752453
5.360376
6.132608
7.036797
5.435289
4.552243
4.640674
5.432165
4.137821
4.471626
5.714558
4.656637
3.375849
4.227040
5.380027
3.494528
4.065589
4.576123
4.021610
4.739999
3.695563
5.048693
5.770927
4.607006
3.176684
4.446406
5.014133
4.699255
4.823989
6.068382
4.287144
6.051111
4.080094
2.887488
4.834518
4.549026
4.171923
6.124771
2.321538
6.032472
5.925002
5.033892
6.345915
6.567128
4.457116
5.634717
4.231503
4.286817
4.888707
4.860027
4.350101
2.884002
6.169050
4.160158
5.515793
4.363955
5.372229
5.889107
5.671922
6.677769
5.700740
5.490905
6.416520
5.148815
5.603392
4.216563
4.588679
4.581028
4.729848
4.795461
5.324886
6.893151
5.168678
4.953063
3.522736
4.926343
4.130259
5.181532
5.641720
4.532150
5.383618
5.171296
5.813234
5.798154
2.814080
5.109228
6.047754
7.611579
5.546637
6.849784
5.175860
5.888595
5.298116
5.169121
3.273621
4.400990
5.052711
4.987065
5.943353
4.495196
4.471306
5.736261
5.120605
6.241219
3.283123
5.521351
5.284902
6.045308
5.837843
4.698614
4.879268
4.710426
5.598713
2.787686
4.872981
4.846714
3.667607
4.185398
4.748432
4.529073
4.227609
3.526213
4.828979
6.228469
4.416398
4.421095
5.211342
5.120634
5.037681
4.594932
4.834446
3.281029
2.978312
6.419203
5.271138
4.493290
6.589481
4.930976
6.021459
6.609846
4.415195
6.232561
5.355418
4.665404
5.479652
5.426718
6.899558
3.907220
5.176957
4.800128
4.606640
6.494704
4.966532
6.352864
4.839751
6.080407
5.175614
3.993130
4.804874
5.960588
3.882101
4.839185
5.250171
3.837663
6.056731
5.891332
4.408808
6.252378
5.870686
6.042700
4.082716
6.152677
6.471353
4.387812
4.710997
5.236418
5.040710
4.440302
2.867683
4.383868
5.928732
6.203455
3.995218
6.799249
6.307877
4.349592
5.238015
4.607404
6.322232
4.432437
5.847375
3.553247
5.857780
5.990646
6.728649
5.119005
3.620335
4.475595
2.645131
5.350349
4.418380
5.314490
4.096026
6.799598
5.490849
3.349111
6.801545
5.648264
4.138815
3.030479
6.126164
4.915550
4.991334
6.021951
4.403115
4.005198
3.558470
3.688715
6.119061
4.127155
4.291356
6.703647
4.816427
4.940655
5.293824
4.725747
5.335821
5.739135
4.146042
3.786698
5.190045
3.357327
5.443824
6.620149
3.638201
5.587099
6.023855
3.909887
6.797053
3.637894
5.571103
6.688842
5.172273
5.335845
3.050013
4.739678
5.584544
4.729757
5.686690
3.842286
5.108082
5.570889
5.137080
3.992305
5.232354
6.623085
4.925738
4.272879
4.638887
5.051445
5.329349
4.390565
6.153151
5.820370
3.295786
5.435703
4.310861
6.193947
4.347057
5.264488
5.548788
7.075662
4.336726
5.078387
4.870255
4.735859
5.501026
5.011308
4.825703
5.135738
4.522355
4.266243
3.998030
3.912463
5.222739
5.036157
5.345539
5.396638
5.073541
4.254294
4.400687
3.798424
4.812038
5.881438
5.120341
5.008632
4.927755
5.098224
4.686250
4.709207
5.512502
3.462856
5.985882
6.217194
4.739997
3.865019
4.753169
5.774580
5.077671
4.656700
4.280519
5.886999
5.352377
6.097000
6.494371
4.952029
6.627821
5.001950
5.202932
5.465900
4.298118
5.630608
5.641487
5.599353
1.651565
5.467515
4.956240
6.593754
4.690255
2.644358
6.256362
5.109805
4.084109
3.607935
4.280801
4.890016
3.577033
5.407062
5.675141
3.772484
4.356727
7.157340
6.020212
7.982012
3.103572
4.166830
5.510801
6.013218
4.455765
4.444591
5.986779
6.853222
2.576408
4.176345
4.712791
6.319670
4.306458
4.499444
6.441279
4.184074
5.048774
3.461731
4.507054
6.423113
5.350096
4.709746
4.349451
5.689363
5.723184
5.856347
3.155171
6.595375
6.840444
3.862279
3.384021
4.645694
4.477001
7.081376
5.137309
4.529476
2.156506
3.928964
5.892054
5.565780
5.852175
3.198557
3.558996
4.127173
5.901039
4.870792
4.687737
6.392524
3.935109
4.742886
6.940081
4.904061
4.420075
3.637863
4.129358
3.839564
5.554313
3.570637
3.309676
6.629919
3.859572
4.174408
3.825222
4.747337
3.809810
4.854013
2.867114
5.847873
7.003135
5.028592
5.073411
4.725586
3.634012
4.147643
4.564549
4.766690
6.177977
6.016212
6.141984
3.410245
5.048042
4.229176
4.733992
6.984927
5.796623
4.367190
4.244318
5.914267
3.993956
4.842827
3.601394
3.827048
5.890320
5.429126
5.756137
6.734660
4.613560
5.116046
6.326186
3.156317
3.537853
4.407555
4.965243
4.272145
6.539327
5.320442
4.373763
3.637089
3.252518
4.290903
3.732453
3.457654
