5.888081
5.858894
6.287387
4.246186
6.242264
6.223930
4.348880
4.772990
5.682188
5.236750
5.410551
5.517068
4.426053
5.881947
6.312458
4.639858
4.976347
4.406634
4.747171
3.746602
5.447567
5.319814
5.338349
4.987172
5.383197
5.552501
4.819234
5.372624
4.465669
3.375964
5.372027
6.017749
5.495958
5.316535
3.975570
4.997535
3.586850
4.036732
3.151725
5.848978
5.077573
4.367856
4.452013
5.499490
4.567764
4.675356
4.517560
5.984100
4.326573
6.401322
6.807100
5.420055
3.176674
4.103197
7.019951
4.035644
5.583641
6.298966
4.826810
4.052014
2.625095
5.134449
4.283875
5.223774
6.480354
5.437982
3.673362
4.347676
5.015447
5.008899
4.678136
4.841384
5.457350
4.563771
5.240347
5.125939
5.005397
5.436675
4.332539
4.604950
6.016525
5.273940
5.532424
6.235655
7.977465
6.184497
5.225299
5.239138
6.434511
4.731401
3.863056
4.315083
4.673276
5.503098
5.069034
6.008965
5.978910
6.023768
3.286787
4.295572
4.651293
3.195528
5.927511
4.251620
5.111807
3.468214
5.985225
6.242592
5.336818
6.803519
5.126789
4.986729
3.494771
3.964945
5.145780
4.065030
6.048241
4.905753
4.364998
7.394952
5.139595
5.194669
5.072777
3.916772
3.391327
4.728057
3.292106
5.349710
3.511101
3.419323
3.603143
5.138855
3.109218
4.786173
4.033177
4.785024
5.210344
5.489334
4.991645
4.569121
4.492756
5.982796
5.420576
5.808651
5.715003
4.104908
4.425072
4.645915
4.858308
5.407791
3.865436
4.193012
5.695538
5.793409
4.684605
6.182119
3.704358
5.423253
2.988862
4.982261
2.712690
4.082777
4.526445
3.699324
5.951297
3.614180
5.578258
3.628258
4.562363
5.003441
6.319303
5.980438
5.328682
3.252249
4.926804
4.618533
5.413836
7.600256
5.137276
3.944443
5.489110
4.240475
3.662992
5.297186
5.637349
5.367341
4.649523
3.352866
3.617928
6.530686
4.233069
3.787577
4.880941
5.369161
6.338794
4.236452
6.816366
5.002758
4.972551
5.648499
4.435102
4.637623
3.869782
5.580193
3.302617
5.020244
4.899114
4.699366
5.910769
4.051410
3.848530
6.089902
5.849280
4.657851
5.089079
4.965076
5.366686
4.145438
5.319381
6.344623
4.920795
4.640326
6.114408
7.029843
3.176675
4.851627
4.068505
5.978448
5.333137
6.138655
4.571745
5.267404
4.987935
5.469298
7.357367
4.158376
3.866969
3.900000
6.078300
4.611489
3.729753
4.819890
5.664847
4.994570
4.009045
4.610113
4.847842
5.300287
4.244534
4.858772
6.711978
5.373552
5.687197
7.204825
6.102808
5.208621
4.973520
4.938809
5.276876
5.192846
4.580812
5.569992
4.532328
5.352767
5.128524
5.920509
5.060075
3.754623
3.691640
5.199491
4.219789
4.533155
4.623120
4.584307
6.095767
4.982457
7.519138
5.983541
6.076700
4.947423
5.889673
4.525509
5.573071
4.421213
6.260126
5.310994
3.991727
6.002157
5.246983
5.302476
5.711252
4.495789
3.778161
4.216510
4.792549
6.496208
5.710330
5.964506
5.189601
4.364167
4.989561
3.848190
6.206145
3.848315
6.260996
6.158479
4.568584
6.035342
4.065135
4.790985
5.164582
3.478921
4.578915
2.709343
5.403240
4.230137
4.948405
6.286072
5.891147
5.633199
5.728711
4.108366
5.381807
4.900324
5.985240
4.146942
5.711753
6.404978
7.311759
6.113602
6.589564
6.415646
6.306154
4.925914
4.931923
4.181302
4.015379
4.269814
4.773361
5.614624
6.104855
5.532193
4.155035
4.949044
6.453971
5.289200
5.647003
6.164005
5.399835
5.842242
4.381323
5.319725
6.656595
7.198471
4.192126
3.929436
4.943977
4.776110
4.593392
5.471933
3.493099
3.887621
4.690767
2.634884
4.531642
4.140039
2.939069
4.655898
5.186012
6.320730
4.715475
5.308426
3.776922
4.739889
5.082932
3.243112
3.795883
3.086693
3.623208
6.795581
4.850643
6.377868
4.100828
6.472413
5.764062
3.379799
4.204636
4.792641
3.591461
6.641009
5.092722
3.889517
4.854970
4.321728
4.002052
5.951257
4.638807
2.703326
6.284194
5.304442
3.781516
5.238135
5.827992
5.068619
4.619198
4.512867
5.630377
4.251082
6.190464
4.051386
5.054338
6.607486
3.518940
5.528231
4.549825
5.280046
4.866265
5.817315
4.944398
5.520078
6.895714
5.748031
5.305274
4.953763
4.260267
4.891092
2.221049
4.509949
4.604081
5.271515
5.311387
4.051804
5.602974
6.278062
4.350098
4.875100
4.668502
5.085911
3.622187
3.947592
4.902230
4.262898
4.840423
4.754900
3.914343
4.955242
3.878023
4.265926
6.718915
4.648595
3.583306
2.170045
5.077222
4.948738
5.580519
4.189702
4.701647
5.825222
5.087628
5.282614
6.106525
5.089461
6.000415
4.011433
5.067465
3.430966
4.945472
4.848299
3.849624
4.533916
3.782762
4.825783
3.760689
5.859044
4.455107
4.513661
4.342914
4.115179
5.994170
4.392416
3.683607
6.890186
4.373917
3.909791
4.241525
5.632484
5.492440
3.509439
5.605171
5.565933
5.751700
3.831461
5.927191
5.293177
5.358376
5.173632
3.498023
5.455979
5.182248
5.934735
5.108841
5.254396
6.670582
6.524158
4.112690
4.930435
3.752990
5.838658
5.960024
5.436641
2.993939
5.458294
5.526264
5.916978
3.369469
3.658486
5.071707
6.371941
5.597877
3.649170
4.088339
5.012330
5.398487
4.890656
6.346087
4.541007
5.039013
3.094164
5.295681
5.771858
6.098190
4.676861
4.323263
5.192061
4.692384
5.315340
3.828304
3.343896
4.421326
5.560823
4.035653
4.393796
2.791837
5.167782
5.554991
5.936754
5.464012
5.253439
3.997482
3.231968
5.147409
3.223532
6.667441
3.781941
6.092017
3.531855
5.533281
7.071799
6.395215
4.474857
3.973434
4.998539
5.899670
4.586384
4.391613
5.777645
3.931442
3.666907
5.249842
3.813163
5.940902
3.735690
5.410566
7.206730
4.378510
4.519328
4.848997
6.075566
4.308827
5.083132
5.789230
4.377874
5.496146
5.380246
5.303107
4.045158
2.180504
5.547925
4.912879
2.920743
6.094061
5.037947
4.543067
4.922250
5.008190
7.469512
4.657101
4.331943
4.433559
4.357160
4.741001
5.418906
6.272675
6.255188
4.080167
5.167692
5.989962
6.711965
4.543946
3.655972
5.331533
4.136533
6.311382
3.953194
5.845140
5.489577
4.482417
5.739779
3.985797
4.697116
5.719878
5.379515
5.047616
4.793203
5.814229
5.677601
5.135285
4.883474
3.430654
3.900921
4.657830
5.482653
3.703660
4.066400
7.071806
5.201041
4.829656
4.102757
5.455227
5.237668
4.381691
6.432430
4.482959
5.180961
4.713530
4.266864
4.375634
6.178094
4.578974
6.091998
6.001974
7.322875
4.562842
5.260856
3.846721
4.518097
3.277323
6.229365
5.178971
4.523694
2.760669
5.352849
5.668879
4.926410
6.901440
4.065787
5.858182
4.675484
5.532034
6.209252
5.303245
4.613247
4.400470
6.281281
4.003150
3.327913
3.517350
4.378751
5.085507
5.362879
6.125333
6.173218
5.321306
4.750068
3.230002
4.237208
4.788856
4.362602
7.473122
3.936705
5.075015
4.007136
3.939606
5.440817
6.926248
6.015241
5.577812
6.158607
3.224803
5.201362
4.408263
5.501339
3.836418
4.059075
5.456126
4.855794
4.992340
5.015104
5.649132
6.086543
6.057503
5.343476
3.699967
4.919574
4.106920
5.284006
4.928883
5.059704
5.107290
4.300214
3.417098
3.672632
3.212188
6.972934
5.626868
5.328147
4.196951
4.344505
4.397242
4.107867
6.505187
5.743334
5.714123
3.996729
6.802596
7.102466
5.276837
4.231285
5.024979
5.647268
6.690010
4.577002
5.800187
3.512763
3.808632
6.590788
4.343560
5.355413
6.476789
5.413995
5.108005
3.749994
4.837069
5.534704
5.426159
4.897898
4.962880
4.477139
5.395232
5.831967
4.976892
4.811869
4.137370
4.155064
3.370848
3.855955
4.717790
5.342521
4.827103
5.822663
5.294624
4.784746
5.586336
4.448208
3.998328
5.218259
6.167085
5.212270
7.645929
5.184049
4.598355
4.549174
2.521760
4.195892
3.144829
5.967529
4.470052
4.684925
6.599030
3.656189
3.660326
4.217901
3.806281
5.160250
5.144146
4.168949
4.880887
5.676922
3.984410
5.201840
4.403827
3.925702
5.446630
5.321593
6.027031
5.432583
5.404046
5.481356
7.679044
5.477997
4.758642
3.911472
2.924964
3.390013
4.055771
4.930850
5.310350
5.000608
4.775245
3.287783
6.672161
6.085825
4.654611
6.106811
5.455557
4.804721
4.238704
3.533603
6.553944
4.360307
5.526976
2.877719
5.208408
4.501690
5.744922
5.125837
6.759826
5.175992
4.807490
4.409552
4.640197
4.496678
5.236846
4.854707
6.688228
5.624151
4.454677
5.444715
4.961625
6.384969
5.542848
4.660783
3.994178
3.405199
6.101806
4.948453
4.205392
5.855739
5.324561
6.339625
4.997073
4.100713
5.049798
6.535637
4.026188
5.039463
4.884775
6.503382
5.747412
4.055466
4.706484
5.613415
5.183569
3.604642
5.091420
3.579527
5.438638
4.666263
6.062103
3.877675
4.214175
4.204179
5.537966
3.838021
2.972405
4.907297
6.135623
5.577908
5.102880
5.427329
6.204623
6.223566
5.741009
3.735080
6.182324
4.518176
6.423891
3.160927
6.215596
5.467250
2.736791
5.685018
5.265334
7.205343
5.127541
5.613026
4.491255
5.988493
4.801103
5.876455
4.941991
5.569056
5.244707
3.681470
5.517807
6.723268
5.598153
6.358942
3.667324
5.732588
3.346133
6.091550
6.417246
3.975579
4.149539
4.928891
5.984927
6.400939
4.896331
7.893840
5.250270
5.408408
5.014913
3.723394
5.846901
5.094775
5.211620
5.427168
6.040815
2.436290
5.938861
5.874902
6.188173
5.026582
5.195029
2.995322
4.754451
6.247465
4.608904
3.745283
3.746668
4.536037
6.895630
5.442312
5.156363
5.326717
6.154531
5.334598
4.346364
4.847534
5.326411
5.787647
3.831367
4.823612
4.578769
4.685860
4.445138
4.749797
3.816904
5.999912
7.448700
4.586356
6.603631
5.441754
3.497085
4.711238
3.659472
3.819392
4.894745
4.116126
5.954074
4.092103
5.584313
3.414772
4.175733
4.209217
4.358934
5.711147
3.760112
5.287113
4.449096
3.206641
5.308181
6.917548
4.440326
4.038773
6.210418
4.192178
3.567063
4.306198
